553 195
1 2 3 5 8 9 10 16 19 20 29 30 32 35 39 43 44 46 54 58 62 63 64 73 78 83 88 91 94 95 98 100 107 108 111 117 118 122 124 125 126 127 135 137 147 154 158 165 166 168 172 177 183 184 
4 6 7 11 12 13 14 15 17 18 21 23 24 25 26 27 31 33 34 37 38 40 41 42 45 47 48 49 50 51 52 53 55 56 57 59 60 61 65 68 69 70 71 72 74 75 76 77 79 81 84 85 86 87 89 90 92 93 97 99 101 102 103 104 105 106 109 110 112 113 114 115 116 119 120 123 128 129 130 131 132 133 134 136 139 140 141 142 143 144 145 146 148 149 151 152 153 157 159 160 161 162 163 164 167 169 170 171 173 174 176 178 179 180 181 182 185 186 188 189 190 191 193 194 195 
22 192 
28 66 80 121 138 155 156 175 187 
36 67 82 96 150 
1 2 3 5 8 9 10 16 19 20 29 30 32 35 39 43 44 46 54 58 62 63 64 73 78 83 88 91 94 95 98 100 107 108 111 117 118 122 124 125 126 127 135 137 147 154 158 165 166 168 172 177 183 184 191 
4 6 7 11 12 13 14 15 17 18 21 23 24 25 26 27 31 33 34 37 38 40 41 42 45 47 48 49 50 51 52 53 55 56 57 59 60 61 65 68 69 70 71 72 74 75 76 77 79 81 84 85 86 87 89 90 92 93 97 99 101 102 103 104 105 106 109 110 112 113 114 115 116 119 120 123 128 129 130 131 132 133 134 136 139 140 141 142 143 144 145 146 148 149 151 152 153 157 159 160 161 162 163 164 167 169 170 171 173 174 176 178 179 180 181 182 185 186 188 189 190 193 194 195 
22 192 
28 66 80 121 138 155 156 175 187 
36 67 82 96 150 
1 2 3 5 8 9 10 16 19 20 29 30 32 35 39 43 44 46 54 58 62 63 64 73 78 83 88 91 94 95 98 100 107 108 111 117 118 122 124 125 126 127 135 137 147 154 158 165 166 168 172 177 183 184 191 
4 6 11 12 13 15 17 18 21 23 25 26 27 31 33 34 37 38 40 41 42 45 47 48 49 50 51 52 53 55 57 59 60 61 65 68 69 70 71 72 74 75 76 77 79 81 84 85 87 89 90 92 93 97 99 101 102 103 104 105 106 109 110 112 113 114 115 116 119 120 123 128 129 130 131 133 134 136 139 140 143 144 145 146 148 149 151 152 153 157 159 160 161 162 163 164 167 169 170 171 173 174 176 178 179 180 181 182 185 186 188 189 190 193 194 195 
7 14 24 56 86 132 141 142 
22 192 
28 66 80 121 138 155 156 175 187 
36 67 82 96 150 
1 2 3 5 8 9 10 16 17 19 20 26 29 30 32 35 39 43 44 46 49 54 58 61 62 63 64 65 72 73 74 75 76 78 83 84 85 88 91 94 95 98 100 105 107 108 111 117 118 122 124 125 126 127 129 130 134 135 136 137 147 149 151 154 158 160 162 165 166 167 168 170 172 177 180 182 183 184 186 191 195 
4 6 11 12 13 15 18 21 23 25 27 31 33 34 37 38 40 41 42 45 47 48 50 51 52 53 55 57 59 60 68 69 70 71 77 79 81 87 89 90 92 93 97 99 101 102 103 104 106 109 110 112 113 114 115 116 119 120 128 131 133 139 140 143 144 145 146 148 152 153 157 159 161 163 164 169 171 173 174 176 178 179 181 185 188 189 190 193 194 
7 14 24 56 86 132 141 142 
22 192 
28 66 80 121 138 155 156 175 187 
36 67 82 96 123 150 
1 2 3 5 8 9 10 16 17 19 20 26 29 30 32 35 39 43 44 46 49 54 58 61 62 63 64 65 72 73 74 75 76 78 83 84 85 88 91 94 95 98 100 105 107 108 111 117 118 122 124 125 126 127 129 130 134 135 136 137 147 149 151 154 158 160 162 165 166 167 168 170 172 177 180 182 183 184 186 191 195 
4 6 11 12 13 15 18 21 23 25 27 31 33 34 37 38 40 41 42 45 47 48 50 51 52 53 55 57 59 60 68 69 70 71 77 79 81 87 89 90 92 93 97 99 101 102 103 104 106 109 110 112 113 114 115 116 119 120 128 131 133 139 140 143 144 145 146 148 152 153 157 159 161 163 164 169 171 173 174 176 178 179 181 185 188 189 190 193 194 
7 14 24 56 86 132 141 142 
22 192 
28 66 80 121 138 155 156 175 187 
36 67 82 96 123 150 
1 2 3 5 8 9 10 16 19 20 29 30 32 35 39 43 44 54 58 62 63 64 72 73 76 78 88 91 94 98 100 107 108 111 117 118 124 125 126 127 135 147 158 160 162 165 166 168 170 172 177 183 184 186 191 
4 6 12 15 18 21 23 25 31 33 34 37 38 40 41 47 48 50 51 52 53 57 59 68 69 70 77 79 81 87 89 90 92 93 97 99 101 102 103 104 106 109 110 112 113 114 115 116 119 120 128 131 133 139 143 145 146 153 157 159 161 163 164 169 171 173 174 178 179 181 185 189 190 193 
7 14 24 56 86 132 141 142 
11 13 28 42 60 66 80 121 138 155 156 175 176 187 188 194 
17 26 49 61 65 74 75 83 84 85 105 122 129 130 134 136 137 149 151 154 167 180 182 195 
22 192 
27 45 55 71 140 144 148 152 
36 67 82 96 123 150 
46 95 
1 2 3 5 8 9 10 15 16 19 29 30 32 35 39 43 44 54 58 62 63 64 72 73 76 78 88 91 94 98 100 107 108 111 117 118 124 125 126 127 135 147 158 160 162 165 166 170 172 177 178 183 184 186 191 
4 12 18 21 23 25 31 33 37 38 40 41 47 48 50 51 52 53 57 68 69 70 77 79 87 89 92 93 97 99 102 103 104 109 112 113 114 115 116 119 120 128 131 145 146 153 159 161 163 164 169 171 173 174 179 181 185 189 190 193 
6 7 14 24 34 56 59 86 90 101 106 110 132 133 139 141 142 143 157 
11 13 20 26 28 42 60 66 80 121 138 149 155 156 175 176 187 188 194 
17 49 61 65 74 75 81 83 84 85 105 122 129 130 134 136 137 151 154 167 168 180 182 195 
22 192 
27 45 55 71 140 144 148 152 
36 67 82 96 123 150 
46 95 
1 2 3 5 8 9 15 16 19 29 35 39 54 58 62 63 64 72 73 76 78 88 91 93 94 98 100 107 108 111 114 117 118 124 125 126 127 135 147 158 159 160 162 165 166 170 172 177 178 183 184 186 191 
4 18 21 25 33 37 40 53 77 89 92 99 103 104 116 119 120 128 131 161 164 169 179 
6 7 10 12 14 23 24 30 31 32 34 38 41 43 44 47 48 50 51 52 56 57 59 68 69 70 79 86 87 90 97 101 102 106 109 110 112 113 115 132 139 141 142 143 145 146 153 157 163 171 173 174 181 185 189 190 193 
11 13 20 26 28 42 60 66 80 121 138 149 155 156 175 176 187 188 194 
17 49 61 65 74 75 81 83 84 85 105 122 129 130 133 134 136 137 151 154 167 168 180 182 195 
22 192 
27 45 55 71 140 144 148 152 
36 67 82 96 123 150 
46 95 
1 2 4 5 8 9 12 15 18 21 25 29 31 33 35 37 39 40 47 48 50 53 54 57 63 64 68 70 73 76 77 78 87 88 89 91 92 94 97 98 99 103 104 109 111 113 114 116 118 119 120 124 126 127 128 131 135 145 158 161 164 165 166 169 171 173 177 179 183 185 
3 10 19 23 30 32 38 41 43 44 46 51 52 58 62 69 72 79 95 100 102 112 115 117 125 146 153 160 162 163 170 174 178 181 184 186 189 190 191 193 
6 7 14 24 34 56 59 86 90 101 106 110 132 139 141 142 143 157 
11 13 16 20 26 28 42 60 66 80 121 138 149 155 156 175 176 187 188 194 
17 49 61 65 74 75 81 83 84 85 93 105 107 122 129 130 133 134 136 137 147 151 154 159 167 168 180 182 195 
22 192 
27 45 55 71 108 140 144 148 152 172 
36 67 82 96 123 150 
1 9 11 13 16 20 26 28 42 60 66 80 98 121 138 149 155 156 175 176 177 187 188 194 
2 4 5 8 10 12 15 18 21 25 27 29 30 31 32 33 35 37 39 40 43 44 45 47 48 50 53 54 55 57 63 64 68 70 71 73 76 77 78 87 88 89 91 92 94 97 103 104 108 109 111 113 114 116 118 119 120 124 126 127 128 131 135 140 144 145 148 152 158 161 164 165 166 169 171 172 173 179 183 185 
3 19 23 38 41 46 51 52 58 62 79 95 99 100 102 112 115 117 125 153 160 163 170 174 181 184 186 189 190 193 
6 7 14 24 34 56 59 72 86 90 101 106 110 132 139 141 142 143 157 162 178 
17 49 61 65 69 74 75 81 83 84 85 93 105 107 122 129 130 133 134 136 137 146 147 151 154 159 167 168 180 182 191 195 
22 192 
36 67 82 96 123 150 
1 9 11 13 16 20 26 28 42 60 66 80 98 121 138 149 155 156 175 176 177 187 188 194 
2 4 5 8 10 12 15 18 21 25 27 29 30 31 32 33 35 37 39 40 43 44 45 47 48 50 53 54 55 57 63 64 68 70 71 73 76 77 78 87 88 89 91 92 94 97 103 104 108 109 111 113 114 116 118 119 120 124 126 127 128 131 135 140 144 145 148 152 158 161 164 165 166 169 171 172 173 179 183 185 
3 19 23 38 41 46 51 52 58 62 79 95 99 100 102 112 115 117 125 153 160 163 170 174 181 184 186 189 190 193 
6 7 14 24 34 56 59 72 86 90 101 106 110 132 139 141 142 143 157 162 178 
17 49 61 65 69 74 75 81 83 84 85 93 105 107 122 129 130 133 134 136 137 146 147 151 154 159 167 168 180 182 191 195 
22 192 
36 67 82 96 123 150 
1 9 11 13 16 20 26 28 42 60 66 80 98 121 138 149 155 156 175 176 177 187 188 194 
2 3 4 5 8 10 12 15 18 19 21 23 27 29 30 31 32 35 37 38 39 40 41 44 45 46 47 48 50 51 52 53 54 55 57 58 62 63 64 68 70 71 73 76 77 78 79 87 88 89 91 92 94 95 97 99 100 102 103 104 108 109 111 112 113 114 115 116 117 118 120 124 125 126 127 128 131 135 140 144 148 152 153 158 160 163 164 165 166 169 170 171 172 173 174 179 181 183 184 185 186 189 190 193 
6 7 14 24 34 56 59 72 86 90 101 106 110 132 139 141 142 143 157 162 178 
17 43 49 61 65 69 74 75 81 83 84 85 93 105 107 122 129 130 133 136 137 145 146 147 151 154 159 167 168 180 182 191 195 
22 134 192 
25 33 119 161 
36 67 82 96 123 150 
1 9 11 13 16 20 26 28 40 42 60 66 80 98 103 121 138 149 155 156 175 176 177 187 188 194 
2 5 6 7 8 14 24 29 39 54 56 63 72 78 86 88 90 91 94 101 106 110 111 114 118 127 132 135 139 141 142 143 157 158 162 178 183 
3 10 17 30 32 43 44 49 61 65 69 74 75 81 83 84 85 93 105 107 122 129 130 133 136 137 145 146 147 151 154 159 167 168 180 182 191 195 
4 12 15 18 19 21 23 27 31 35 37 38 41 45 46 47 48 50 51 52 53 55 57 58 62 64 68 70 71 73 76 77 79 87 89 92 95 97 99 100 102 104 108 109 112 113 115 116 117 120 124 125 126 128 131 140 144 148 152 153 160 163 164 165 166 169 170 171 172 173 174 179 181 184 185 186 189 190 193 
22 134 192 
25 33 119 161 
34 36 59 67 82 96 123 150 
1 9 11 13 28 42 60 98 138 176 177 187 188 194 
2 3 5 6 8 10 16 17 20 25 26 29 30 32 33 39 40 43 44 49 54 61 63 65 66 69 72 74 75 78 80 81 83 84 85 88 90 91 93 94 101 103 105 106 107 110 111 114 118 119 121 122 127 129 130 133 135 136 137 139 143 145 146 147 149 151 154 155 156 157 158 159 161 162 167 168 175 180 182 183 191 195 
4 12 15 18 19 21 23 27 31 35 37 38 41 45 46 47 48 50 51 52 53 55 57 58 62 64 68 70 71 73 76 77 79 87 89 92 95 97 99 100 102 104 108 109 112 113 115 116 117 120 124 125 126 128 131 140 144 148 152 153 160 163 164 165 166 169 170 171 172 173 174 178 179 181 184 185 186 189 190 193 
7 14 24 56 86 132 141 142 
22 134 192 
34 36 59 67 82 96 123 150 
1 9 11 13 28 42 60 98 138 176 177 187 188 194 
2 3 5 6 8 10 12 16 17 20 25 26 29 30 32 33 39 40 43 44 48 49 54 61 63 65 66 68 69 72 74 75 78 80 81 83 84 85 88 90 91 93 94 97 101 103 105 106 107 110 111 114 118 119 121 122 125 127 129 130 133 135 136 137 139 143 145 146 147 149 151 154 155 156 157 158 159 161 162 167 168 175 180 182 183 191 195 
4 15 18 19 21 23 27 31 35 37 38 41 45 46 47 50 51 52 53 55 57 58 62 64 70 71 73 76 77 79 87 89 92 95 99 100 102 108 109 112 113 115 116 117 120 124 126 128 140 144 148 152 153 160 163 164 165 166 170 171 172 173 174 178 179 181 184 185 186 189 190 193 
7 14 24 56 86 104 131 132 141 142 169 
22 134 192 
34 36 59 67 82 96 123 150 
1 9 11 13 28 42 60 98 138 176 177 187 188 194 
2 3 5 6 8 10 12 16 17 20 25 26 29 30 32 33 39 40 43 44 48 49 54 61 63 65 66 68 69 72 74 75 78 80 81 83 84 85 88 90 91 93 94 97 101 103 105 106 107 110 111 114 118 119 121 122 125 127 129 130 133 135 136 137 139 143 145 146 147 149 151 154 155 156 157 158 159 161 162 167 168 175 180 182 183 191 195 
4 15 18 21 27 31 37 45 46 47 50 53 55 57 58 62 64 70 71 73 76 77 87 89 92 95 100 108 109 113 116 120 124 126 128 140 144 148 152 160 164 165 166 170 171 172 173 174 178 179 184 185 186 
7 14 19 23 24 35 38 41 51 52 56 79 86 99 102 104 112 115 117 131 132 141 142 153 163 169 181 189 190 193 
22 134 192 
34 36 59 67 82 96 123 150 
1 9 11 13 28 42 60 98 138 176 177 187 188 194 
2 3 5 6 8 10 12 16 17 20 25 26 29 30 32 33 39 40 43 44 48 49 54 61 63 65 66 68 69 72 74 75 78 80 81 83 84 85 88 90 91 93 94 97 101 103 105 106 107 110 111 114 118 119 121 122 125 127 129 130 133 135 136 137 139 143 145 146 147 149 151 154 155 156 157 158 159 161 162 167 168 175 180 182 183 191 195 
4 15 18 21 27 31 37 45 46 47 50 53 55 57 58 62 64 70 71 73 76 77 87 89 92 95 100 108 109 113 116 120 124 126 128 140 144 148 152 160 164 165 166 170 171 172 173 174 178 179 184 185 186 
7 14 19 23 24 35 38 41 51 52 56 79 86 99 102 104 112 115 117 131 132 141 142 153 163 169 181 189 190 193 
22 134 192 
34 36 59 67 82 96 123 150 
1 9 11 13 28 42 60 98 138 176 177 187 188 194 
2 3 5 6 8 10 12 16 17 20 25 26 29 30 32 33 39 40 43 44 48 49 54 61 63 65 66 68 69 72 74 75 78 80 81 83 84 85 88 90 91 93 94 97 101 103 105 106 107 110 111 114 118 119 121 122 125 127 129 130 133 135 136 137 139 143 145 146 147 149 151 154 155 156 157 158 159 161 162 167 168 175 180 182 183 191 195 
4 15 18 21 27 31 37 45 46 47 50 53 55 57 58 62 64 70 71 73 76 77 87 89 92 95 100 108 109 113 116 120 124 126 128 140 144 148 152 160 164 165 166 170 171 172 173 174 178 179 184 185 186 
7 14 19 23 24 35 38 41 51 52 56 79 86 99 102 104 112 115 117 131 132 141 142 153 163 169 181 189 190 193 
22 134 192 
34 36 59 67 82 96 123 150 
1 2 5 9 11 12 13 28 39 42 48 54 60 68 88 91 94 97 98 111 114 127 135 138 176 177 183 187 188 194 
3 10 30 32 34 36 44 59 67 82 96 107 123 150 
4 15 18 21 27 31 37 45 46 47 50 53 55 57 58 62 64 70 71 73 76 77 87 89 92 95 100 108 109 113 116 120 124 126 128 140 144 148 152 160 164 165 166 170 171 172 173 174 178 179 184 185 186 
6 8 16 17 20 25 26 29 33 40 43 49 61 63 65 66 69 72 74 75 78 80 81 83 84 85 90 93 101 103 105 106 110 118 119 121 122 125 129 130 133 136 137 139 143 145 146 147 149 151 154 155 156 157 158 159 161 162 167 168 175 180 182 191 195 
7 14 19 23 24 35 38 41 51 52 56 79 86 99 102 104 112 115 117 131 132 141 142 153 163 169 181 189 190 193 
22 134 192 
1 2 5 9 11 12 13 28 39 42 48 54 60 68 88 91 94 97 98 111 114 127 135 138 176 177 183 188 194 
3 10 30 32 34 36 44 59 67 69 82 83 96 107 122 123 125 137 146 147 150 154 
4 15 18 21 27 31 37 45 46 47 50 53 55 57 58 62 64 70 71 73 76 77 87 89 92 95 100 108 109 113 116 120 124 126 128 140 144 148 152 160 164 165 166 170 171 172 173 174 178 179 184 185 186 
6 8 16 17 20 25 26 29 33 40 43 49 61 63 65 66 72 74 75 78 80 81 84 85 90 93 101 103 105 106 110 118 119 121 129 130 133 136 139 143 145 149 151 155 156 157 158 159 161 162 167 168 175 180 182 191 195 
7 14 19 23 24 35 38 41 51 52 56 79 86 99 102 104 112 115 117 131 132 141 142 153 163 169 181 187 189 190 193 
22 134 192 
1 2 4 5 9 11 12 13 18 21 27 28 31 37 39 42 45 47 48 50 53 54 55 57 60 64 68 70 71 73 76 77 87 88 89 91 92 94 97 98 108 109 113 114 116 120 124 126 127 128 135 138 140 144 148 152 164 165 166 171 172 173 174 176 177 178 179 183 185 188 194 
3 7 10 14 15 19 23 24 30 32 34 35 36 38 41 44 51 52 56 59 67 79 82 86 96 99 102 104 107 112 115 117 123 131 132 141 142 150 153 163 169 181 187 189 190 193 
6 8 16 17 20 25 29 33 43 49 61 63 65 69 72 74 75 78 80 81 83 84 85 90 93 101 105 106 110 118 119 121 122 125 129 130 133 136 137 139 143 145 146 147 151 154 155 156 157 158 159 161 162 167 168 175 180 182 191 195 
22 26 40 66 103 111 134 149 192 
46 58 62 95 100 160 170 184 186 
1 2 4 5 9 11 12 13 18 21 27 28 31 37 39 42 45 47 48 50 53 54 55 57 60 64 68 70 71 73 76 77 87 88 89 91 92 94 97 98 108 109 113 114 116 120 124 126 127 128 135 138 140 144 148 152 164 165 166 171 172 173 174 176 177 178 179 183 185 188 194 
3 7 10 14 15 19 23 24 30 32 34 35 36 38 41 44 51 52 56 59 67 69 79 82 83 86 96 99 102 104 107 112 115 117 122 123 125 131 132 137 141 142 146 150 153 163 169 181 187 189 190 193 
6 8 16 17 20 25 29 33 43 49 61 63 65 72 74 75 78 80 81 84 85 90 93 101 105 106 110 118 119 121 129 130 133 136 139 143 145 147 151 154 155 156 157 158 159 161 162 167 168 175 180 182 191 195 
22 26 40 66 103 111 134 149 192 
46 58 62 95 100 160 170 184 186 
1 2 4 5 9 11 12 13 18 21 27 28 31 37 39 42 45 47 48 50 53 54 55 57 60 64 68 70 71 73 76 77 87 88 89 91 92 94 97 98 108 109 113 114 116 120 124 126 127 128 135 138 140 144 148 152 164 165 166 171 172 173 174 176 177 178 179 183 185 188 194 
3 7 10 14 15 19 23 24 30 32 34 35 36 38 41 44 51 52 56 59 67 69 79 82 83 86 96 99 102 104 107 112 115 117 122 123 125 131 132 137 141 142 146 150 153 163 169 181 187 189 190 193 
6 8 16 17 20 25 29 33 43 49 61 63 65 72 74 75 78 80 81 84 85 90 93 101 105 106 110 118 119 121 129 130 133 136 139 143 145 147 151 154 155 156 157 158 159 161 162 167 168 175 180 182 191 195 
22 26 40 66 103 111 134 149 192 
46 58 62 95 100 160 170 184 186 
1 2 3 4 5 9 10 11 12 13 18 21 28 31 32 37 39 42 45 47 48 50 53 54 57 60 64 68 69 70 71 73 76 77 83 87 88 89 91 92 94 97 98 99 108 109 113 114 115 116 120 122 124 125 126 127 128 135 137 138 140 144 146 148 152 164 165 166 171 172 173 174 176 177 178 179 183 185 188 194 
6 8 16 17 20 25 27 29 33 43 49 55 61 63 65 72 74 75 78 80 81 84 85 90 93 101 105 106 110 118 119 121 129 130 133 136 139 143 145 147 151 154 155 156 157 158 159 161 162 167 168 175 180 182 191 195 
7 14 15 19 23 24 30 34 35 36 38 41 44 51 52 56 59 67 79 82 86 96 102 104 107 112 117 123 131 132 141 142 150 153 163 169 181 187 189 190 193 
22 26 40 66 103 111 134 149 192 
46 58 62 95 100 160 170 184 186 
1 2 3 4 5 9 10 11 12 13 18 21 28 31 32 37 39 42 45 47 48 50 53 54 57 60 64 68 69 70 71 73 76 83 87 88 89 91 92 94 97 98 99 108 109 113 114 115 116 120 122 124 125 127 128 135 137 138 140 144 146 148 152 164 165 171 172 173 174 176 177 178 179 183 185 188 194 
6 8 16 17 20 25 27 29 33 43 49 55 61 63 65 72 74 75 78 80 81 84 85 90 93 101 105 106 110 118 119 121 129 130 133 136 139 143 145 147 151 154 155 156 157 158 159 161 162 167 168 175 180 182 191 195 
7 14 15 19 23 24 30 34 35 36 38 41 51 52 56 59 67 79 82 86 96 102 104 107 112 117 123 131 132 141 142 150 153 163 169 181 187 189 190 193 
22 26 40 44 66 103 111 134 149 192 
46 58 62 77 95 100 126 160 166 170 184 186 
1 2 3 4 5 9 10 11 12 13 16 18 21 28 31 32 37 39 42 45 47 48 50 53 54 57 60 64 68 69 70 71 73 76 83 87 88 89 91 92 94 97 98 99 108 109 113 114 115 116 120 122 124 125 127 128 135 137 138 140 144 146 148 152 164 165 171 172 173 174 176 177 178 179 183 185 188 194 
6 8 17 20 25 27 29 33 43 49 55 61 63 65 72 74 75 78 80 84 85 90 93 101 105 106 110 118 119 121 129 130 136 139 143 145 147 151 154 155 156 157 158 159 161 162 167 175 180 182 191 195 
7 14 15 19 23 24 30 34 35 36 38 41 51 52 56 59 67 79 81 82 86 96 102 104 107 112 117 123 131 132 133 141 142 150 153 163 168 169 181 187 189 190 193 
22 26 40 44 66 103 111 134 149 192 
46 58 62 77 95 100 126 160 166 170 184 186 
1 2 3 4 5 9 10 11 12 13 16 18 21 28 31 32 37 38 39 42 45 47 48 50 52 53 54 57 60 64 68 69 70 71 73 76 83 87 88 89 91 92 94 97 98 99 108 109 113 114 115 116 120 122 124 125 127 128 135 137 138 140 144 146 148 152 163 164 165 171 172 173 174 176 177 178 179 183 185 188 194 
6 8 17 20 25 27 29 33 43 49 55 61 63 65 72 74 75 78 80 84 85 90 93 101 105 106 110 118 119 121 129 130 136 139 143 145 147 151 154 155 156 157 158 159 161 162 167 175 180 182 191 195 
7 14 15 19 23 24 30 34 35 36 41 51 56 59 67 79 81 82 86 96 102 104 107 112 117 123 131 132 133 141 142 150 153 168 169 181 187 189 190 193 
22 26 40 44 66 103 111 134 149 192 
46 58 62 77 95 100 126 160 166 170 184 186 
1 2 3 4 5 9 10 11 12 13 16 18 21 28 31 32 37 38 39 42 45 47 48 50 52 53 54 57 64 68 69 70 71 73 76 83 87 88 91 92 94 97 98 99 108 109 113 114 115 116 122 124 125 127 128 135 137 138 140 144 146 148 152 163 164 165 171 172 173 174 177 178 179 183 185 188 194 
6 8 17 20 25 27 29 33 43 49 55 61 63 65 72 74 75 78 80 84 85 90 93 101 105 106 110 118 119 121 129 130 136 139 143 145 147 151 154 155 156 157 158 159 161 162 167 175 180 182 191 195 
7 14 15 19 23 24 30 34 35 36 41 51 56 59 60 67 79 81 82 86 89 96 102 104 107 112 117 120 123 131 132 133 141 142 150 153 168 169 176 181 187 189 190 193 
22 26 40 44 66 103 111 134 149 192 
46 58 62 77 95 100 126 160 166 170 184 186 
1 2 3 4 5 9 10 11 12 13 16 18 21 28 31 32 37 38 39 42 45 47 48 50 52 53 54 57 64 68 69 70 71 73 76 83 87 88 91 92 94 97 98 99 108 109 113 114 115 116 122 124 125 127 128 131 135 137 138 140 144 146 148 152 163 164 165 169 171 172 173 174 177 178 179 183 185 187 188 194 
6 8 17 20 25 27 29 33 43 49 55 61 63 65 72 74 75 78 80 84 85 90 93 101 105 106 110 118 119 121 129 130 136 139 143 145 147 151 154 155 156 157 158 159 161 162 167 175 180 182 191 195 
7 14 15 19 23 24 30 34 35 36 41 51 56 59 60 67 79 81 82 86 89 96 102 104 107 112 117 120 123 132 133 141 142 150 153 168 176 181 189 190 193 
22 26 40 44 66 103 111 134 149 192 
46 58 62 77 95 100 126 160 166 170 184 186 
1 3 4 7 9 10 14 15 16 18 19 21 23 24 30 31 32 34 35 36 37 41 47 50 51 53 56 57 58 59 60 62 64 67 69 70 71 76 77 79 81 82 83 86 87 89 92 96 102 104 107 108 109 112 113 116 117 120 122 123 124 125 126 128 132 133 137 140 141 142 144 146 148 150 152 153 164 165 166 168 171 172 173 174 176 178 179 181 184 185 189 190 193 
2 5 11 12 13 28 38 39 42 48 52 54 68 73 88 91 94 97 98 99 114 115 127 131 135 138 163 169 177 183 187 188 194 
6 8 17 20 25 27 29 33 43 45 49 55 61 63 65 72 74 75 78 80 84 85 90 93 101 105 106 110 118 119 121 129 130 136 139 143 145 147 151 154 155 156 157 158 159 161 162 167 175 180 182 191 195 
22 26 40 44 66 103 111 134 149 192 
46 95 100 160 170 186 
1 3 4 7 9 10 14 15 16 18 19 21 23 24 30 31 32 34 35 36 37 41 47 50 51 53 56 57 58 59 60 62 64 67 69 70 71 76 77 79 81 82 83 86 87 89 92 96 102 104 107 108 109 112 113 116 120 122 123 124 125 126 128 132 133 137 140 141 142 144 146 148 150 152 153 164 165 166 168 171 172 173 174 176 178 179 181 184 185 189 190 193 
2 5 11 12 13 28 38 39 42 48 52 54 68 73 88 91 94 97 98 99 114 115 117 127 131 135 138 163 169 177 183 187 188 194 
6 8 17 20 25 27 29 33 43 45 49 55 61 63 65 72 74 75 78 80 84 85 90 93 101 105 106 110 118 119 121 129 130 136 139 143 145 147 151 154 155 156 157 158 159 161 162 167 175 180 182 191 195 
22 26 40 44 66 103 111 134 149 192 
46 95 100 160 170 186 
1 3 4 7 9 10 14 15 16 18 19 21 23 24 30 31 32 34 35 36 37 41 47 50 51 53 56 57 58 59 60 62 64 67 69 70 71 76 77 79 81 82 83 86 87 89 92 96 102 104 105 107 108 109 112 113 116 120 122 123 124 125 126 128 132 133 137 140 141 142 144 146 148 150 152 153 164 165 166 168 171 172 173 174 176 178 179 181 184 185 189 190 193 
2 5 11 12 13 28 38 39 42 48 52 54 68 73 88 91 94 97 98 99 106 110 114 115 117 127 131 135 138 163 169 177 183 187 188 194 
6 8 17 20 25 27 29 33 43 45 49 55 61 63 65 72 74 75 78 80 84 85 90 93 101 118 119 121 129 130 136 139 143 145 147 151 154 155 156 157 158 159 161 162 167 175 180 182 191 195 
22 26 40 44 66 103 111 134 149 192 
46 95 100 160 170 186 
1 3 4 6 7 8 9 10 14 15 16 17 18 19 20 21 23 24 25 27 29 30 31 32 33 34 35 36 37 41 45 47 49 50 51 53 55 56 57 58 59 60 61 62 63 64 65 67 69 70 71 72 74 75 76 77 78 79 80 81 82 83 84 85 86 87 89 90 92 93 96 101 102 104 105 107 108 109 112 113 116 118 119 120 121 122 123 124 125 126 128 129 130 132 136 137 139 140 141 142 143 144 146 147 148 150 151 152 153 154 155 156 157 158 159 161 162 164 165 166 167 168 171 172 173 174 175 176 178 179 180 181 182 184 185 189 190 193 195 
2 5 11 12 13 28 38 39 42 48 52 54 68 73 88 91 94 97 98 99 106 110 114 115 117 127 131 133 135 138 163 169 177 183 187 188 194 
22 26 40 43 44 66 103 111 134 145 149 191 192 
46 95 100 160 170 186 
1 3 4 6 7 8 9 10 14 15 16 17 18 19 20 21 23 24 25 27 29 30 31 32 33 34 35 36 37 41 45 47 49 50 51 53 55 56 57 58 59 60 61 62 63 64 65 67 69 70 71 72 74 75 76 77 78 79 80 81 82 83 84 85 86 87 89 90 92 93 96 101 102 104 105 107 108 109 112 113 116 118 119 120 121 122 123 124 125 126 128 129 130 132 136 137 139 140 141 142 143 144 146 147 148 150 151 152 153 154 155 156 157 158 159 161 162 164 165 166 167 168 171 172 173 174 175 176 178 179 180 181 182 184 185 189 190 193 195 
2 5 11 12 13 28 38 39 42 48 52 54 68 73 88 91 94 97 98 99 106 110 114 115 117 127 131 133 135 138 163 169 177 183 187 188 194 
22 26 40 43 44 66 103 111 134 145 149 191 192 
46 95 100 160 170 186 
1 3 4 6 7 8 9 10 14 15 16 17 18 19 20 21 23 24 25 29 30 31 32 33 34 35 36 37 41 45 47 49 50 51 53 56 57 58 59 60 61 62 63 64 67 69 70 71 72 74 75 76 77 78 79 80 81 82 83 84 85 86 87 89 90 92 93 96 101 102 104 105 107 108 109 112 113 116 118 119 120 121 122 123 124 125 126 128 129 130 132 136 137 139 140 141 142 143 144 146 147 148 150 151 152 153 154 155 156 157 158 159 161 162 164 165 166 167 168 171 172 173 174 175 176 178 179 180 181 182 184 185 189 190 193 195 
2 5 11 12 13 27 28 38 39 42 48 52 54 55 65 68 73 88 91 94 97 98 99 106 110 114 115 117 127 131 133 135 138 163 169 177 183 187 188 194 
22 26 40 43 44 66 103 111 134 145 149 191 192 
46 95 100 160 170 186 
1 3 4 6 7 8 9 10 14 15 16 17 18 19 20 21 23 24 25 29 30 31 32 33 34 35 36 37 41 45 47 49 50 51 53 56 57 58 59 60 61 62 63 64 67 69 70 71 72 74 75 76 77 78 79 80 81 82 83 84 85 86 87 89 90 92 93 96 101 102 104 105 107 108 109 112 113 116 118 119 120 121 122 123 124 125 126 128 129 130 132 136 137 139 140 141 142 143 144 146 147 148 150 151 152 153 154 155 156 157 158 159 161 162 164 165 166 167 168 171 172 173 174 175 176 178 179 180 181 182 184 185 189 190 193 195 
2 5 11 12 13 27 28 38 39 42 48 52 54 55 65 68 73 88 91 94 97 98 99 106 110 114 115 117 127 131 133 135 138 163 169 177 183 187 188 194 
22 26 40 43 44 66 103 111 134 145 149 191 192 
46 95 100 160 170 186 
1 3 4 6 7 8 9 10 14 15 16 17 18 19 20 21 23 24 25 29 30 31 32 33 34 35 36 37 41 45 47 49 50 51 53 56 57 58 59 60 61 62 63 64 67 69 70 71 72 74 75 76 77 78 79 80 81 82 83 84 85 86 87 89 90 92 93 96 101 102 104 105 107 108 109 112 113 116 118 119 120 121 122 123 124 125 126 128 129 130 132 136 137 139 140 142 143 144 146 147 148 150 151 152 153 154 155 156 157 158 159 161 162 164 165 166 167 168 171 172 173 174 175 176 178 179 180 181 182 184 185 189 190 193 195 
2 5 11 12 13 27 28 38 39 42 48 52 54 55 65 68 73 88 91 94 97 98 99 106 110 114 115 117 127 131 133 135 138 141 163 169 177 183 187 188 194 
22 26 40 43 44 66 103 111 134 145 149 191 192 
46 95 100 160 170 186 
1 3 4 6 7 8 9 10 14 15 16 17 18 19 20 21 23 24 25 29 30 31 32 33 34 35 36 37 41 45 47 49 50 51 53 56 57 58 59 60 61 62 63 64 67 69 70 71 72 74 75 76 77 78 79 80 81 82 83 84 85 86 87 89 90 92 93 96 101 102 104 105 107 108 109 112 113 116 118 119 120 121 122 123 124 125 126 128 129 130 132 136 137 139 140 142 143 144 146 147 148 150 151 152 153 154 155 156 157 158 159 161 162 164 165 166 167 168 171 172 173 174 175 176 178 179 180 181 182 184 185 189 190 193 195 
2 5 11 12 13 27 28 38 39 42 48 52 54 55 65 68 73 88 91 94 97 98 99 106 110 114 115 117 127 131 133 135 138 141 163 169 177 183 187 188 194 
22 26 40 43 44 66 103 111 134 145 149 191 192 
46 95 100 160 170 186 
1 3 4 6 7 8 9 10 14 15 16 17 18 19 20 21 23 24 25 29 30 31 32 33 34 35 36 37 41 45 47 49 50 51 53 56 57 58 59 60 61 62 63 64 67 69 70 71 72 74 75 76 77 78 79 80 81 82 83 84 85 86 87 89 90 92 93 96 101 102 104 105 107 108 109 112 113 116 118 119 120 121 122 123 124 125 126 128 129 130 132 136 137 139 140 142 143 144 146 147 148 150 151 152 153 154 155 156 157 158 159 161 162 164 165 166 167 168 171 172 173 174 175 176 178 179 180 181 182 184 185 189 190 193 195 
2 5 11 12 13 27 28 38 39 42 48 52 54 55 65 68 73 88 91 94 97 98 99 106 110 114 115 117 127 131 133 135 138 141 163 169 177 183 187 188 194 
22 26 40 43 44 66 103 111 134 145 149 191 192 
46 95 100 160 170 186 
1 3 4 6 7 8 9 10 14 15 16 18 19 20 21 23 24 25 30 31 32 33 34 35 36 37 41 45 47 50 51 53 56 57 58 60 62 64 67 71 72 76 77 78 79 80 81 82 86 87 89 90 92 96 101 102 104 105 107 108 109 112 113 116 119 120 121 123 124 126 128 130 132 139 140 142 143 144 148 150 152 153 155 156 157 158 161 162 164 165 166 168 171 172 173 174 175 176 178 179 181 184 185 189 190 193 
2 5 11 12 13 27 28 29 38 39 42 48 52 54 55 63 65 68 73 83 88 91 94 97 98 99 106 110 114 115 117 118 122 125 127 131 133 135 137 138 141 163 169 177 183 187 188 194 
17 49 59 61 69 70 74 75 84 85 93 129 136 146 147 151 154 159 167 180 182 195 
22 26 40 43 44 66 103 111 134 145 149 191 192 
46 95 100 160 170 186 
1 3 4 6 7 8 9 10 14 15 16 19 20 23 24 25 30 32 33 34 35 36 41 45 51 56 60 67 72 78 79 80 81 82 86 89 90 92 96 101 102 104 105 107 112 119 120 121 123 130 132 139 142 143 150 153 155 156 157 158 161 162 164 168 172 174 175 176 181 189 190 193 
2 5 11 12 13 18 21 27 28 29 31 37 38 39 42 47 48 50 52 53 54 55 57 63 64 65 68 71 73 76 83 87 88 91 94 97 98 99 106 108 109 110 113 114 115 116 117 118 122 124 125 127 128 131 133 135 137 138 140 141 144 148 152 163 165 169 171 173 177 178 179 183 185 187 188 194 
17 49 58 59 61 62 69 70 74 75 77 84 85 93 126 129 136 146 147 151 154 159 166 167 180 182 184 195 
22 26 40 43 44 66 103 111 134 145 149 191 192 
46 95 100 160 170 186 
1 3 4 6 7 8 9 10 14 16 19 20 23 24 25 32 33 34 35 36 41 43 45 51 56 60 67 72 78 79 80 82 86 89 90 92 96 98 101 102 104 105 112 119 120 121 123 130 132 139 142 143 150 153 155 156 157 158 161 162 164 168 172 174 175 176 181 189 190 193 
2 5 11 12 13 15 18 21 27 28 29 30 31 37 38 39 42 47 48 50 52 53 54 55 57 63 64 65 68 71 73 76 83 87 88 91 94 97 99 106 107 108 109 110 113 114 115 116 117 118 122 124 125 127 128 131 133 135 137 138 140 141 144 148 152 163 165 169 171 173 177 178 179 183 185 187 188 194 
17 49 58 59 61 62 69 70 74 75 77 81 84 85 93 126 129 136 146 147 151 154 159 166 167 180 182 184 195 
22 26 40 44 66 103 111 134 145 149 191 192 
46 95 100 160 170 186 
1 3 4 6 7 8 9 10 14 16 19 20 23 24 25 32 33 34 35 36 41 43 45 51 56 60 67 72 78 79 80 82 86 89 90 92 96 98 101 102 104 105 112 119 120 121 130 132 139 142 143 150 153 155 156 157 158 161 162 164 168 172 174 175 176 181 189 190 193 
2 5 11 12 13 15 18 21 27 28 29 30 31 37 38 39 42 48 50 52 53 54 55 57 63 64 65 68 71 73 76 83 88 91 94 97 99 106 107 108 109 110 113 114 115 116 117 118 122 123 124 125 127 128 131 133 135 137 138 140 141 144 148 152 163 165 169 171 173 177 178 179 183 185 187 188 194 
17 47 49 58 59 61 62 69 70 74 75 77 81 84 85 87 93 126 129 136 146 147 151 154 159 166 167 180 182 184 195 
22 26 40 44 66 103 111 134 145 149 191 192 
46 95 100 160 170 186 
1 3 4 6 7 8 9 10 14 16 19 20 23 24 25 32 33 34 35 36 41 43 45 51 56 60 67 72 78 79 80 82 86 90 92 96 98 101 102 104 105 112 119 120 121 130 132 139 142 143 150 153 155 156 157 158 161 162 164 168 172 174 176 181 189 190 193 
2 5 11 12 13 15 18 21 27 28 29 30 31 37 38 39 42 48 50 52 53 54 55 57 63 64 65 68 71 73 76 83 88 89 91 94 97 99 106 107 108 109 110 113 114 115 116 117 118 122 123 124 125 127 128 131 133 135 137 138 140 141 144 148 152 163 165 169 171 173 177 178 179 183 185 187 188 194 
17 47 49 58 59 61 62 69 70 74 75 77 81 84 85 87 93 126 129 136 146 147 151 154 159 166 167 175 180 182 184 195 
22 26 40 44 66 103 111 134 149 191 192 
46 95 100 145 160 170 186 
1 3 4 6 7 8 9 10 14 16 19 20 23 24 25 32 33 34 35 36 41 43 45 51 56 60 67 72 78 79 80 82 86 90 92 96 98 101 102 104 105 112 119 120 121 130 132 139 142 143 150 153 155 156 157 158 161 162 164 168 172 174 176 181 189 190 193 
2 5 11 12 13 15 18 21 27 28 29 30 31 37 38 39 42 48 50 52 53 54 55 57 63 64 65 68 71 73 76 83 88 89 91 94 97 99 106 107 108 109 110 113 114 115 116 117 118 122 123 124 125 127 128 131 133 135 137 138 140 141 144 148 152 163 165 169 171 173 177 178 179 183 185 187 188 194 
17 47 49 58 59 61 62 69 70 74 75 77 81 84 85 87 93 126 129 136 146 147 151 154 159 166 167 175 180 182 184 195 
22 26 40 44 66 103 111 134 149 191 192 
46 95 100 145 160 170 186 
1 3 4 6 7 8 9 10 14 16 19 20 23 24 25 32 33 34 35 36 43 45 50 51 56 60 67 72 78 80 82 86 90 92 96 98 101 102 104 105 112 113 119 120 121 130 132 139 142 143 150 153 155 156 157 158 161 162 164 168 172 174 176 181 189 190 193 
2 5 11 12 13 15 18 21 27 28 29 30 31 37 38 39 42 48 52 53 54 55 57 63 64 65 68 71 73 76 83 88 89 91 93 94 97 99 106 107 108 109 110 114 115 116 117 118 122 123 124 125 127 128 131 133 135 138 140 141 144 148 152 163 165 169 171 173 177 178 179 183 185 187 188 194 
17 41 47 49 58 59 61 62 69 70 74 75 77 79 81 84 85 87 126 129 136 137 146 147 151 154 159 166 167 175 180 182 184 195 
22 26 40 44 66 103 111 134 149 191 192 
46 95 100 145 160 170 186 
1 3 4 9 10 16 19 25 32 33 34 36 67 82 92 96 119 150 161 164 174 181 193 
2 5 11 12 13 15 18 21 27 28 29 30 31 37 38 39 42 48 52 53 54 55 57 63 64 65 68 71 73 76 83 88 89 91 93 94 97 99 106 107 108 109 110 114 115 116 117 118 122 123 124 125 127 128 131 133 135 138 140 141 144 148 152 163 165 169 171 173 177 178 179 183 185 187 188 194 
6 7 8 14 20 23 24 35 43 45 50 51 56 60 72 78 80 86 90 98 101 102 104 105 112 113 120 121 130 132 139 142 143 153 155 156 157 158 162 168 172 176 189 190 
17 41 47 49 58 59 61 62 69 70 74 75 77 79 81 84 85 87 126 129 136 137 146 147 151 154 159 166 167 175 180 182 184 195 
22 26 40 44 66 103 111 134 149 191 192 
46 95 100 145 160 170 186 
1 3 4 9 10 16 19 25 32 33 34 36 67 82 92 96 119 150 161 164 174 181 193 
2 5 11 12 13 15 18 21 27 28 29 30 31 37 38 39 42 48 52 53 54 55 57 63 64 65 68 71 73 76 83 88 89 91 93 94 97 99 106 107 108 109 110 114 115 116 117 118 122 123 124 125 127 128 131 133 135 138 140 141 144 148 152 163 165 169 171 173 177 178 179 183 185 187 188 194 
6 7 8 14 20 23 24 35 43 45 50 51 56 60 72 78 80 86 90 98 101 102 104 105 112 113 120 121 130 132 139 142 143 153 155 156 157 158 162 168 172 176 189 190 
17 41 47 49 58 59 61 62 69 70 74 75 77 79 81 84 85 87 126 129 136 137 146 147 151 154 159 166 167 175 180 182 184 195 
22 26 40 44 66 103 111 134 149 191 192 
46 95 100 145 160 170 186 
1 3 4 9 10 16 19 25 32 33 34 36 67 82 92 96 119 150 161 164 174 181 193 
2 5 11 12 13 15 18 21 27 28 29 30 31 37 38 39 42 48 52 53 54 55 57 63 64 65 68 71 73 76 83 88 89 91 93 94 97 99 106 107 108 109 110 114 115 116 117 118 122 123 124 125 127 128 131 133 135 138 140 141 144 148 152 163 165 169 171 173 177 178 179 183 185 187 188 194 
6 7 8 14 20 23 24 35 43 45 50 51 56 60 72 78 80 86 90 98 101 102 104 105 112 113 120 121 130 132 139 142 143 153 155 156 157 158 162 168 172 176 189 190 
17 41 47 49 58 59 61 62 69 70 74 75 77 79 81 84 85 87 126 129 136 137 146 147 151 154 159 166 167 175 180 182 184 195 
22 26 40 44 66 103 111 134 149 191 192 
46 95 100 145 160 170 186 
1 3 4 9 10 12 15 16 19 25 29 32 33 34 36 42 48 63 67 82 92 96 97 110 118 119 150 161 164 174 181 193 
2 5 11 13 18 21 28 30 31 37 38 39 52 53 54 57 64 65 68 71 73 76 83 88 89 91 93 94 99 107 108 109 114 115 116 117 122 123 124 125 127 128 131 133 135 138 140 141 144 148 152 163 165 169 171 173 177 178 179 183 185 187 188 194 
6 7 8 14 20 23 24 27 35 43 45 50 51 55 56 60 72 78 80 86 90 98 101 102 104 105 112 113 120 121 130 132 139 142 143 153 155 156 157 158 162 168 172 176 189 190 
17 41 47 49 58 59 61 62 69 70 74 75 77 79 81 84 85 87 126 129 136 137 146 147 151 154 159 166 167 175 180 182 184 195 
22 26 40 44 66 103 106 111 134 149 191 192 
46 95 100 145 160 170 186 
1 3 4 9 10 12 16 19 25 32 33 34 36 48 63 67 82 92 96 97 118 119 150 161 164 174 181 193 
2 5 11 13 15 18 21 28 29 30 31 37 38 39 42 46 52 53 54 57 64 65 68 71 73 76 83 88 89 91 93 94 95 99 100 107 108 109 110 114 115 116 117 122 123 124 125 127 128 131 133 135 138 140 141 144 145 148 152 160 163 165 169 170 171 173 177 178 179 183 185 186 187 188 194 
6 7 8 14 20 23 24 27 35 43 45 50 51 55 56 60 72 78 80 86 90 98 101 102 104 105 112 113 120 121 130 132 139 142 143 153 155 156 157 158 162 168 172 176 189 190 
17 41 47 49 58 59 61 62 69 70 74 75 77 79 81 84 85 87 126 129 136 137 146 147 151 154 159 166 167 175 180 182 184 195 
22 26 40 44 66 103 106 111 134 149 191 192 
1 2 3 4 9 10 12 16 19 25 32 33 34 36 48 54 63 67 68 82 88 92 96 97 118 119 127 133 150 161 164 174 181 193 
5 11 13 15 18 21 28 29 30 31 37 38 39 42 46 52 53 57 64 65 71 73 76 83 89 91 93 94 95 99 100 107 108 109 110 114 115 116 117 122 123 124 125 128 131 135 138 140 141 144 145 148 152 160 163 165 169 170 171 173 177 178 179 183 185 186 187 188 194 
6 7 8 14 20 23 24 27 35 43 45 50 51 55 56 60 72 78 80 86 90 98 101 102 104 105 112 113 120 121 130 132 139 142 143 153 155 156 157 158 162 168 172 176 189 190 
17 26 40 41 47 49 58 59 61 62 66 69 70 74 75 77 79 81 84 85 87 103 111 126 129 136 137 146 147 149 151 154 159 166 167 175 180 182 184 191 195 
22 44 106 134 192 
1 2 3 4 5 9 10 11 12 13 15 16 18 19 21 25 26 28 29 30 31 32 33 34 36 37 38 39 40 42 46 48 50 52 53 54 57 58 62 63 64 65 66 67 68 71 73 76 77 81 82 83 88 89 91 92 93 94 95 96 97 99 100 103 107 108 109 110 111 113 114 115 116 117 118 119 122 123 124 125 126 127 128 131 133 135 138 140 141 144 145 148 149 150 152 155 160 161 163 164 165 166 169 170 171 173 174 175 177 178 179 181 183 184 185 186 187 188 191 193 194 
6 7 8 14 20 23 24 27 35 43 45 51 55 56 60 72 78 80 86 90 98 101 102 104 105 112 120 121 130 132 139 142 143 153 156 157 158 162 168 172 176 189 190 
17 41 47 49 59 61 69 70 74 75 79 84 85 87 129 136 137 146 147 151 154 159 167 180 182 195 
22 44 106 134 192 
1 2 3 4 5 6 7 8 9 10 11 12 13 14 15 16 18 19 20 21 23 24 25 26 27 28 29 30 31 32 33 34 35 36 37 38 39 40 41 42 43 45 46 48 50 51 52 53 54 55 56 57 58 60 62 63 64 65 66 67 68 71 72 73 76 77 78 79 80 81 82 83 86 88 89 90 91 92 93 94 95 96 97 98 99 100 101 102 103 104 105 107 108 109 110 111 112 113 114 115 116 117 118 119 120 121 122 123 124 125 126 127 128 130 131 132 133 135 138 139 140 141 142 143 144 145 148 149 150 151 152 153 155 156 157 158 160 161 162 163 164 165 166 168 169 170 171 172 173 174 175 176 177 178 179 181 183 184 185 186 187 188 189 190 191 193 194 
17 47 49 59 61 69 70 74 75 84 85 87 129 136 137 146 147 154 159 167 180 182 195 
22 44 106 134 192 
1 4 9 15 17 19 29 30 31 42 43 47 49 57 59 61 67 69 70 71 74 75 77 84 85 87 92 107 108 109 110 124 126 129 136 137 140 146 147 148 150 154 159 164 165 166 167 171 173 174 178 179 180 182 195 
2 3 5 6 7 8 10 11 12 13 14 16 18 20 21 23 24 25 26 27 28 32 33 34 35 36 37 38 39 40 41 45 46 48 50 51 52 53 54 55 56 58 60 62 63 64 65 66 68 72 73 76 78 79 80 81 82 83 86 88 89 90 91 93 94 95 96 97 98 99 100 101 102 103 104 105 111 112 113 114 115 116 117 118 119 120 121 122 123 125 127 128 130 131 132 133 135 138 139 141 142 143 144 145 149 151 152 153 155 156 157 158 160 161 162 163 168 169 170 172 175 176 177 181 183 184 186 187 188 189 190 191 193 194 
22 44 106 134 185 192 
1 4 9 15 17 19 26 29 30 31 40 42 43 47 49 57 61 67 68 71 74 75 77 84 85 87 92 103 107 108 109 110 111 124 126 129 136 137 140 147 148 149 150 154 159 161 164 165 166 167 171 173 174 178 179 180 182 191 195 
2 3 5 6 7 8 10 11 12 13 14 16 18 20 21 23 24 25 27 28 32 33 34 35 36 37 38 39 41 45 46 48 50 51 52 53 54 55 56 58 59 60 62 63 64 65 66 69 70 72 73 76 78 79 80 81 82 83 86 88 89 90 91 93 94 95 96 97 98 99 100 101 102 104 105 112 113 114 115 116 118 119 120 121 122 123 125 127 128 130 131 132 133 135 138 139 141 142 143 144 145 146 151 152 153 155 156 157 158 160 162 163 168 169 170 172 175 176 177 181 183 184 186 187 188 189 190 193 194 
22 44 106 117 134 185 192 
1 4 9 15 17 19 26 29 30 31 40 42 43 47 49 57 61 67 68 71 74 75 77 84 85 87 92 103 107 108 109 110 111 124 126 129 136 137 140 147 148 149 150 154 159 161 164 165 166 167 171 173 174 178 179 180 182 191 195 
2 3 10 12 25 32 34 41 48 50 54 58 62 63 66 70 79 81 88 97 113 118 119 127 133 144 151 152 155 175 181 184 193 
5 6 7 8 11 13 14 16 18 20 21 23 24 27 28 33 35 36 37 38 39 45 46 51 52 53 55 56 59 60 64 65 69 72 73 76 78 80 82 83 86 89 90 91 93 94 95 96 98 99 100 101 102 104 105 112 114 115 116 120 121 122 123 125 128 130 131 132 135 138 139 141 142 143 145 146 153 156 157 158 160 162 163 168 169 170 172 176 177 183 186 187 188 189 190 194 
22 44 106 117 134 185 192 
1 4 5 6 7 8 9 11 13 14 15 16 18 19 20 21 23 24 27 28 29 30 31 33 35 36 37 38 39 41 42 43 45 46 47 49 51 52 53 55 56 57 59 60 64 65 67 69 71 72 73 75 76 77 78 79 80 82 83 85 86 87 89 90 91 92 93 94 95 96 98 99 100 101 102 104 105 107 108 109 110 112 114 115 116 120 121 122 123 124 125 126 128 130 131 132 135 137 138 139 140 141 142 143 145 146 148 150 153 156 157 158 160 162 163 164 165 166 168 169 170 171 172 173 174 176 177 178 179 182 183 186 187 188 189 190 194 
2 3 10 12 25 32 34 48 50 54 58 62 63 66 70 81 88 97 113 118 119 127 133 144 151 152 155 175 181 184 193 
17 26 40 61 68 74 84 103 111 129 136 147 149 154 159 161 167 180 191 195 
22 44 106 117 134 185 192 
1 2 3 4 5 6 7 8 9 10 11 12 13 14 15 16 18 19 20 21 23 24 25 27 28 29 30 31 32 33 34 36 37 38 39 41 42 43 45 46 47 48 49 50 51 52 53 54 55 56 57 58 59 60 62 63 64 65 66 67 69 70 71 72 73 75 76 77 78 79 80 81 82 83 85 86 87 88 89 90 91 92 93 94 95 96 97 98 99 100 101 102 104 105 107 108 109 110 112 113 114 115 116 118 119 120 121 122 123 124 125 126 127 128 130 131 132 133 135 137 138 139 140 141 142 143 144 145 146 148 150 151 152 153 155 156 157 158 160 162 163 164 165 166 168 169 170 171 172 173 174 175 176 177 178 179 181 182 183 184 186 187 188 189 190 193 194 
17 26 35 40 61 68 74 84 103 111 129 136 147 149 154 159 161 167 180 191 195 
22 44 106 117 134 185 192 
1 2 3 4 5 6 7 8 9 10 11 12 13 14 15 16 18 19 20 21 23 24 25 27 28 29 30 31 32 33 34 36 37 38 39 40 41 42 43 45 46 48 49 50 51 52 53 54 55 56 57 58 59 60 62 63 64 65 66 67 69 70 71 72 73 75 76 77 78 79 80 81 82 83 85 86 87 88 89 90 91 92 93 94 95 96 97 98 99 100 101 102 104 105 107 108 109 110 112 113 114 115 116 118 119 120 121 122 123 124 125 126 127 128 130 131 132 133 135 138 139 140 141 142 143 144 145 146 148 150 151 152 153 155 156 157 158 160 162 163 164 165 166 168 169 170 171 172 173 174 175 176 177 178 179 181 182 183 184 186 187 188 189 190 193 194 
17 26 35 61 74 84 103 111 129 136 147 149 154 159 161 167 180 195 
22 44 47 106 117 134 185 192 
68 137 191 
1 2 3 4 9 10 11 12 14 15 18 19 21 24 25 28 29 32 33 34 36 37 40 42 48 49 50 53 54 57 58 60 62 63 64 65 66 67 70 75 76 81 82 85 87 88 92 95 96 97 107 110 113 116 118 120 123 126 127 128 133 138 144 150 151 152 155 164 168 171 173 174 175 176 177 178 179 181 182 184 188 190 193 
5 6 7 8 13 20 22 23 27 30 31 38 39 41 43 44 45 46 47 51 52 55 56 59 69 71 72 73 77 78 79 80 83 86 89 90 91 93 94 98 99 100 101 102 104 105 106 108 109 112 114 115 117 119 121 122 124 125 130 131 132 134 135 139 140 141 142 143 145 146 148 153 156 157 158 160 162 163 165 166 169 170 172 183 185 186 187 189 192 194 
16 17 26 35 61 74 84 103 111 129 136 147 149 154 159 161 167 180 195 
68 137 191 
1 4 9 11 14 18 19 21 24 28 29 33 36 37 40 42 49 53 60 64 65 67 75 76 82 85 87 92 96 110 116 120 123 126 128 138 150 164 168 171 174 176 177 178 179 182 188 190 
2 3 5 6 7 8 10 12 13 15 20 22 23 25 27 30 31 32 34 38 39 41 43 44 45 46 47 48 50 51 52 54 55 56 57 58 59 62 63 66 69 70 71 72 73 77 78 79 80 81 83 86 88 89 90 91 93 94 95 97 98 99 100 101 102 104 105 106 107 108 109 112 113 114 115 117 118 119 121 122 124 125 127 130 131 132 133 134 135 139 140 141 142 143 144 145 146 148 151 152 153 155 156 157 158 160 162 163 165 166 169 170 172 173 175 181 183 184 185 186 187 189 192 193 194 
16 17 26 35 61 74 84 103 111 129 136 147 149 154 159 161 167 180 195 
68 137 191 
1 4 5 6 7 8 9 11 13 14 18 19 20 21 23 24 27 28 29 30 33 36 37 38 39 40 41 42 45 49 52 53 55 56 58 59 60 62 64 65 66 67 69 70 72 73 75 76 77 78 79 80 81 82 83 85 86 87 90 91 92 93 94 96 98 99 101 102 110 112 114 115 116 119 120 121 122 123 126 128 130 135 138 139 140 141 142 143 146 150 153 156 157 158 162 163 164 168 171 172 174 176 177 178 179 182 183 184 188 190 194 
2 3 10 12 15 22 25 31 32 34 43 44 46 47 48 50 51 54 57 63 71 88 89 95 97 100 104 105 106 107 108 109 113 117 118 124 125 127 131 132 133 134 144 145 148 151 152 155 160 165 166 169 170 173 181 185 186 187 189 192 193 
16 17 26 35 61 74 84 103 111 129 136 147 149 154 159 161 167 175 180 195 
68 137 191 
1 4 5 6 7 8 9 11 13 14 18 19 20 21 23 24 26 27 28 29 30 33 36 37 38 39 40 41 42 45 49 52 53 55 56 59 60 64 65 67 69 72 73 75 76 77 78 79 80 82 83 85 86 87 90 91 92 93 94 96 98 99 101 102 103 110 111 112 114 115 116 119 120 121 122 128 130 135 136 138 139 140 141 142 143 146 150 153 156 157 158 162 163 164 168 171 172 174 175 176 177 178 179 180 182 183 188 190 194 
2 3 10 12 15 22 25 31 32 34 43 44 46 47 48 50 51 54 57 58 62 63 66 70 71 81 88 89 95 97 100 104 105 106 107 108 109 113 117 118 123 124 125 126 127 131 132 133 134 144 145 148 151 152 155 160 165 166 169 170 173 181 184 185 186 187 189 192 193 
16 17 35 61 74 84 129 147 149 154 159 161 167 195 
68 137 191 
1 4 5 6 7 8 9 11 13 14 18 19 20 21 23 24 26 27 28 29 30 33 36 37 38 39 40 41 42 45 49 52 53 55 56 59 60 64 65 67 69 72 73 75 76 77 78 79 80 82 83 85 86 87 90 91 92 93 94 96 98 99 101 102 103 110 111 112 114 115 116 119 120 121 122 123 124 128 130 131 135 136 138 139 140 141 142 143 146 150 153 156 157 158 162 163 164 168 171 172 174 175 176 177 178 179 180 182 183 188 190 194 
2 3 10 12 15 22 25 31 32 34 43 44 46 47 48 50 51 54 57 58 62 63 66 70 71 81 88 89 95 97 100 104 105 106 107 108 109 113 117 118 125 126 127 132 133 134 144 145 148 151 152 155 160 165 166 169 170 173 181 184 185 186 187 189 192 193 
16 17 35 61 74 84 129 147 149 154 159 161 167 195 
68 137 191 
1 4 5 6 7 8 9 11 13 14 18 19 20 21 23 24 26 27 28 29 30 33 36 37 38 39 40 41 42 45 49 52 53 55 56 59 60 64 65 67 69 72 73 75 76 77 78 79 80 82 83 85 86 87 90 91 92 93 94 96 98 99 101 102 103 105 110 111 112 114 115 120 121 122 123 124 128 130 131 135 136 138 139 140 141 142 143 146 150 153 156 157 158 162 163 164 168 171 172 174 175 176 177 178 179 180 182 183 188 190 194 
2 3 10 12 15 22 25 31 32 34 43 44 46 47 48 50 51 54 57 58 62 63 66 70 71 81 88 89 95 97 100 104 106 107 108 109 113 116 117 118 119 125 126 127 132 133 134 144 145 148 151 152 155 160 165 166 169 170 173 181 184 185 186 187 189 192 193 
16 17 35 61 74 84 129 147 149 154 159 161 167 195 
68 137 191 
1 4 5 6 7 8 9 11 13 14 18 19 20 21 23 24 27 28 29 30 31 33 36 37 39 40 41 42 43 45 49 53 55 56 59 60 64 65 67 69 71 72 73 75 76 77 78 79 80 82 83 85 86 87 89 90 91 92 93 94 96 98 99 101 102 105 108 110 112 114 115 116 119 120 121 122 123 124 128 130 131 135 138 139 140 142 143 145 146 148 150 153 156 157 158 162 164 165 168 170 171 172 174 176 177 178 179 181 182 183 188 190 193 194 
2 3 10 12 15 22 25 26 32 34 38 44 46 47 48 50 51 52 54 57 58 62 63 66 70 81 88 95 97 100 103 104 106 107 109 111 113 117 118 125 126 127 132 133 134 136 141 144 151 152 155 160 163 166 169 173 175 180 184 185 186 187 189 192 
16 17 35 61 74 84 129 147 149 154 159 161 167 195 
68 137 191 
1 4 5 6 7 8 9 11 13 14 18 19 20 21 23 24 27 28 29 30 31 33 36 37 39 40 41 42 43 45 49 53 55 56 59 60 65 67 69 71 72 73 75 76 77 78 79 80 82 83 85 86 87 89 90 91 92 93 94 96 98 99 101 102 105 110 112 114 115 120 121 122 123 124 128 130 131 135 138 139 140 142 143 146 148 150 153 156 157 158 162 164 165 168 171 172 174 176 177 178 179 182 183 188 189 190 194 
2 3 10 12 15 22 25 26 32 34 38 44 46 47 48 50 51 52 54 57 58 62 63 66 70 81 88 95 97 100 103 104 106 107 108 109 111 113 117 118 119 125 126 127 132 133 134 136 141 144 145 151 152 155 160 163 166 169 170 173 175 180 181 184 185 186 187 192 193 
16 17 35 61 74 84 116 129 147 149 154 159 161 167 195 
64 
68 137 191 
1 2 3 4 5 6 7 8 9 10 11 12 13 14 15 18 19 20 21 22 23 24 25 26 27 28 29 30 31 32 33 34 36 37 38 39 40 41 42 43 44 45 46 47 48 49 50 51 52 53 54 55 56 57 58 59 60 62 63 65 66 67 69 70 71 72 73 75 76 77 78 79 80 81 82 83 85 86 87 88 89 90 91 92 93 94 95 96 97 98 99 100 101 102 103 104 105 106 107 108 109 110 111 112 113 114 115 117 118 119 120 121 122 123 124 125 126 127 128 130 131 132 133 134 135 136 138 139 140 141 142 143 144 145 146 148 150 151 152 153 155 156 157 158 160 162 163 164 165 166 168 169 170 171 172 173 174 175 176 177 178 179 180 181 182 183 184 185 186 187 188 189 190 192 193 194 
16 17 35 61 74 84 116 129 147 149 154 159 161 167 195 
64 
68 137 191 
1 2 3 4 5 6 7 8 9 10 11 12 13 14 15 18 19 20 21 22 23 24 25 26 27 28 29 30 31 32 33 34 36 37 38 39 40 41 42 43 44 45 46 47 48 49 50 51 52 53 54 55 56 57 58 59 60 62 63 65 66 67 69 70 71 72 73 75 76 77 78 79 80 81 82 83 85 86 87 88 89 90 91 92 93 94 95 96 97 98 99 100 101 102 103 104 105 106 107 108 109 110 111 112 113 114 115 117 118 119 120 121 122 123 124 125 126 127 128 130 132 133 134 135 136 138 139 140 141 142 143 144 145 146 148 150 151 152 153 155 156 157 158 160 162 163 164 165 166 168 169 170 171 173 174 175 176 177 178 179 180 181 182 183 184 185 186 187 188 189 190 192 193 194 
16 17 35 61 74 84 116 129 131 147 149 154 159 161 167 172 195 
64 
68 137 191 
1 2 3 4 5 6 7 8 9 10 11 13 14 15 18 19 20 21 22 23 24 25 26 27 28 29 30 31 32 33 34 36 37 38 39 40 41 42 43 44 45 46 47 48 49 50 51 52 53 54 55 56 57 58 59 60 62 63 65 66 67 69 70 71 72 73 75 76 77 78 79 80 81 82 83 85 86 87 88 89 90 91 92 93 94 95 96 97 98 99 100 101 102 103 104 105 106 107 108 109 110 111 112 113 114 115 117 118 119 120 121 122 123 124 125 126 127 128 130 132 133 134 135 136 138 139 140 141 142 143 144 145 146 148 150 151 152 153 155 156 157 158 160 162 163 164 165 166 168 169 170 171 173 174 175 176 177 178 179 180 181 182 183 184 185 186 187 188 189 190 192 193 194 
12 16 17 35 61 74 84 116 129 131 147 149 154 159 161 167 172 195 
64 
68 137 191 
1 2 3 4 5 6 7 8 9 10 11 13 14 15 18 19 20 21 22 23 24 25 26 27 28 29 30 31 32 33 34 36 37 38 39 40 41 42 43 44 45 46 47 48 49 50 51 52 53 54 55 56 57 58 59 60 62 63 65 66 67 69 70 71 72 73 75 76 77 78 79 80 81 82 83 85 86 87 88 89 90 91 92 93 94 95 96 97 98 99 100 101 102 103 104 105 106 107 108 109 110 111 112 113 114 115 117 118 119 120 121 122 123 124 125 126 127 128 130 132 133 134 135 136 138 139 140 141 142 143 144 145 146 148 150 151 152 153 155 156 157 158 160 162 163 164 165 166 168 169 170 171 173 174 175 176 177 178 179 180 181 182 183 184 185 186 187 188 189 190 192 193 194 
12 16 17 35 61 74 84 116 129 131 147 149 154 159 161 167 172 195 
64 
68 137 191 
1 2 3 4 5 6 7 8 9 10 11 13 14 15 18 19 20 21 22 23 24 25 26 27 28 29 30 31 32 33 34 36 37 38 39 40 41 42 43 44 45 46 47 48 49 50 51 52 53 54 55 56 57 58 59 60 62 63 65 66 67 69 70 71 72 73 75 76 77 78 79 80 81 82 83 85 86 87 88 89 90 91 92 93 94 95 96 97 98 99 100 101 102 103 104 105 106 107 108 109 110 111 112 113 114 115 117 118 119 120 121 122 123 124 125 126 127 128 130 132 133 134 135 136 138 139 140 141 142 143 144 145 146 148 150 151 152 153 155 156 157 158 160 162 163 164 165 166 168 169 170 171 173 174 175 176 177 178 179 180 181 182 183 184 185 186 187 188 189 190 192 193 194 
12 16 17 35 61 74 84 116 129 131 147 149 154 159 161 167 172 195 
64 
68 137 191 
1 2 3 4 5 6 7 8 9 10 11 13 14 15 18 19 20 21 22 23 24 25 26 27 28 29 30 31 32 33 34 36 37 38 39 40 41 42 43 44 45 46 47 48 49 50 51 52 53 54 55 56 57 58 59 60 62 63 65 66 67 69 70 71 72 73 75 76 77 78 79 80 81 82 83 85 86 87 88 89 90 91 92 93 94 95 96 97 98 99 100 101 102 103 104 105 106 107 108 109 110 111 112 113 114 115 117 118 119 120 121 122 123 124 125 126 127 128 130 132 133 134 135 136 138 139 140 141 142 143 144 146 148 150 151 152 153 155 156 157 158 160 162 163 164 165 166 168 169 170 171 173 175 176 177 178 179 180 181 182 183 184 185 186 187 188 189 190 192 193 194 
12 16 17 35 61 74 84 116 129 131 145 147 149 154 159 161 167 172 174 195 
64 
68 137 191 
1 2 3 4 5 6 7 8 9 10 11 13 14 15 18 19 20 21 22 23 24 25 26 27 28 29 30 31 32 33 34 36 37 38 39 40 41 42 43 44 45 46 47 48 49 50 52 53 54 55 56 57 58 59 60 62 63 65 66 67 69 70 71 72 73 75 76 77 78 79 80 81 82 83 85 86 87 88 89 90 91 92 93 94 95 96 97 98 99 100 101 102 103 104 105 106 107 108 109 110 111 112 113 114 115 117 118 119 120 121 122 123 124 125 126 127 128 130 132 133 134 135 136 138 139 140 141 142 143 144 146 148 150 151 152 153 155 156 157 158 160 162 163 164 165 166 168 169 170 171 173 175 176 177 178 179 180 181 182 183 184 185 186 187 188 189 190 192 193 194 
12 16 17 35 51 61 74 84 116 129 131 145 147 149 154 159 161 167 172 174 195 
64 
68 137 191 
1 2 3 4 5 6 7 8 9 10 11 13 14 15 18 19 20 21 22 23 24 25 26 27 28 29 30 31 32 33 34 36 37 38 39 40 41 42 43 44 45 46 47 48 49 50 52 53 54 55 56 57 58 59 60 62 63 65 66 67 69 70 71 72 73 75 76 77 78 79 80 81 82 83 85 86 87 88 89 90 91 92 93 94 95 96 97 98 99 100 101 102 103 104 105 106 107 108 109 110 111 112 113 114 115 117 118 119 120 121 122 123 124 125 126 127 128 130 132 133 134 135 136 138 139 140 141 142 143 144 146 148 150 151 152 153 155 156 157 158 160 162 163 164 165 166 168 169 170 171 173 175 176 177 178 179 180 181 182 183 184 185 186 187 188 189 190 192 193 194 
12 16 17 35 51 61 74 84 116 129 131 145 147 149 154 159 161 167 172 174 195 
64 
68 137 191 
1 2 3 4 5 6 7 8 9 10 11 13 14 15 18 19 20 21 22 23 24 25 26 27 28 29 30 31 32 33 34 36 37 38 39 40 41 42 43 44 45 46 47 48 49 50 52 53 54 55 56 57 58 59 60 62 63 65 66 67 69 70 71 72 73 75 76 77 78 79 80 81 82 83 85 86 87 88 89 90 91 92 93 94 95 96 97 98 99 100 101 102 103 104 105 106 107 108 109 110 111 112 113 114 115 117 118 119 120 121 122 123 124 125 126 127 128 130 132 133 134 135 136 138 139 140 141 142 143 144 146 148 150 151 152 153 155 156 157 158 160 162 163 164 165 166 168 169 170 171 173 175 176 177 178 179 180 181 182 183 184 185 186 187 188 189 190 192 193 194 
12 16 17 35 51 61 74 84 116 129 131 145 147 149 154 159 161 167 172 174 195 
64 
68 137 191 
1 6 7 8 9 11 15 18 20 22 23 24 25 26 28 30 31 32 33 34 36 38 40 41 43 46 47 48 49 50 52 53 54 56 58 59 62 63 65 67 69 71 72 73 75 76 77 78 79 82 83 85 86 87 89 90 91 95 96 100 101 103 104 106 109 111 112 115 117 121 122 125 128 132 134 136 138 139 141 142 143 144 146 148 150 151 153 156 158 160 162 163 164 165 166 169 171 177 178 179 180 182 184 185 186 187 188 189 192 194 
2 3 4 5 10 13 14 19 21 27 29 37 39 42 44 45 55 57 60 66 70 80 81 88 92 93 94 97 98 99 102 105 107 108 110 113 114 118 119 120 123 124 126 127 130 133 135 140 152 155 157 168 170 173 175 176 181 183 190 193 
12 16 17 35 51 61 74 84 116 129 131 145 147 149 154 159 161 167 172 174 195 
64 
68 137 191 
1 6 7 9 14 15 18 20 21 22 24 25 26 28 30 31 32 33 34 36 37 38 39 40 41 43 47 48 49 50 52 53 54 56 58 59 62 63 65 67 69 71 73 75 76 78 79 82 85 86 87 89 90 95 96 101 103 104 106 107 109 111 115 117 120 121 126 128 134 136 138 139 141 142 143 144 146 148 151 156 158 163 165 168 171 173 177 179 180 182 184 185 187 188 189 192 194 
2 3 4 5 10 11 13 19 27 29 42 44 45 55 57 60 66 70 77 80 81 88 92 93 94 97 98 99 102 105 108 110 113 114 118 119 123 124 127 130 133 135 140 150 152 155 157 164 170 175 176 178 181 183 190 193 
8 23 46 72 83 91 100 112 122 125 132 153 160 162 166 169 186 
12 16 17 35 51 61 74 84 116 129 131 145 147 149 154 159 161 167 172 174 195 
64 
68 137 191 
1 6 7 9 14 15 18 21 22 25 28 30 32 33 34 36 37 39 41 43 47 48 49 50 52 54 56 58 59 62 63 65 67 69 71 73 75 76 78 79 85 87 89 90 95 96 104 106 107 117 120 121 128 134 136 138 139 141 142 143 146 148 151 156 168 171 173 177 180 184 185 187 188 192 194 
2 3 4 5 10 11 13 19 27 29 42 44 45 55 57 60 66 70 77 80 81 82 88 92 93 94 97 98 99 101 102 105 108 109 110 113 114 118 119 123 124 127 130 133 135 140 144 150 152 155 157 158 164 170 175 176 178 179 181 183 189 190 193 
8 23 46 72 83 91 100 112 122 125 132 153 160 162 166 169 186 
12 16 17 20 24 26 31 35 38 51 53 61 74 84 103 111 116 126 129 131 145 147 149 154 159 161 163 165 167 172 174 182 195 
40 86 115 
64 
68 137 191 
1 6 9 12 16 17 20 24 26 30 31 35 38 51 53 61 62 74 84 103 111 116 126 129 131 134 136 145 147 149 154 159 161 163 165 167 172 174 180 182 195 
2 3 4 5 7 10 11 13 14 15 18 19 21 22 25 27 28 29 32 33 34 36 37 39 41 42 43 44 45 47 48 49 50 52 54 55 56 57 58 59 60 63 65 66 67 69 70 71 73 75 76 77 78 79 80 81 82 85 87 88 89 90 92 93 94 95 96 97 98 99 101 102 104 105 107 108 109 110 113 114 117 118 119 120 121 123 124 127 128 130 133 135 138 139 140 141 142 143 144 146 148 150 151 152 155 156 157 158 164 168 170 171 173 175 176 177 178 179 181 183 184 185 187 188 189 190 192 193 194 
8 23 46 72 83 91 100 112 122 125 132 153 160 162 166 169 186 
40 86 106 115 
64 
68 137 191 
1 6 9 12 16 17 20 24 26 30 31 35 38 51 53 61 62 74 84 103 111 116 126 129 131 134 136 145 147 149 154 159 161 163 165 167 172 174 180 182 195 
2 3 4 5 7 10 11 13 14 15 18 19 21 22 25 27 28 29 32 33 34 36 37 39 41 42 43 44 45 47 48 49 50 52 54 55 56 57 58 59 60 63 65 66 67 69 70 71 73 75 76 77 78 79 80 81 82 85 87 88 89 90 92 93 94 95 96 97 98 99 101 102 104 105 107 108 109 110 113 114 117 118 119 120 121 123 124 127 128 130 133 135 138 139 140 141 142 143 144 146 148 150 151 152 155 156 157 158 164 168 170 171 173 175 176 177 178 179 181 183 184 185 187 188 189 190 192 193 194 
8 23 46 72 83 91 100 112 122 125 132 153 160 162 166 169 186 
40 86 106 115 
64 
68 137 191 
1 6 9 12 14 16 17 18 26 30 35 39 43 45 50 51 60 61 62 69 71 74 76 84 85 89 107 111 116 128 129 131 134 136 139 145 146 147 149 151 154 159 161 167 168 172 173 174 176 180 195 
2 3 7 10 11 13 15 21 22 25 27 28 32 33 34 36 37 41 47 48 49 52 54 56 58 59 63 65 67 73 75 78 79 82 87 88 90 95 98 99 104 109 113 117 120 121 127 133 138 141 142 143 144 148 152 155 156 158 171 175 177 179 184 185 187 188 189 192 194 
4 5 19 29 42 44 55 57 66 70 77 80 81 92 93 94 96 97 101 102 105 108 110 114 118 119 123 124 130 135 140 150 157 164 170 178 181 183 190 193 
8 23 46 72 83 91 100 112 122 125 132 153 160 162 166 169 186 
20 24 31 38 53 103 126 163 165 182 
40 86 106 115 
64 
68 137 191 
1 6 9 12 14 16 17 26 30 35 43 45 50 51 60 61 62 69 71 74 76 84 85 89 111 116 128 129 131 134 136 139 145 146 147 149 154 159 161 167 168 172 174 176 180 195 
2 3 7 10 11 13 15 21 22 25 27 28 32 33 34 36 37 41 47 48 49 52 54 56 58 59 63 65 67 73 75 78 79 82 87 88 90 95 98 99 104 109 113 117 120 121 127 133 138 141 142 143 144 148 152 155 156 158 171 175 177 179 184 185 187 188 189 192 194 
4 5 19 29 42 44 55 57 66 70 77 80 81 92 93 94 96 97 101 102 105 108 110 114 118 119 123 124 130 135 140 150 157 164 170 178 181 183 190 193 
8 23 46 72 83 91 100 112 122 125 132 153 160 162 166 169 186 
18 20 24 31 38 53 103 126 151 163 165 182 
39 40 86 106 107 115 173 
64 
68 137 191 
1 6 9 12 14 16 17 26 30 35 43 45 50 51 60 61 62 69 71 74 76 84 85 89 111 116 128 129 131 134 136 139 145 146 147 149 154 161 167 168 172 174 176 179 180 195 
2 3 7 10 11 13 15 21 22 25 27 28 32 33 34 36 37 41 47 48 49 52 54 56 58 59 63 65 67 73 75 78 79 82 87 88 90 95 98 99 104 109 113 117 120 121 127 133 138 141 142 143 144 148 152 155 156 158 159 171 175 177 184 185 187 188 189 192 194 
4 5 19 29 42 44 55 57 66 70 77 80 81 92 93 94 96 97 101 102 105 108 110 114 118 119 123 124 130 135 140 150 157 164 170 178 181 183 190 193 
8 23 46 72 83 91 100 112 122 125 132 153 160 162 166 169 186 
18 20 24 31 38 53 103 126 151 163 165 182 
39 40 86 106 107 115 173 
64 
68 137 191 
1 6 9 12 14 16 17 26 30 32 35 43 45 50 51 60 61 62 69 71 74 76 82 84 85 89 109 111 116 128 129 131 134 136 139 145 146 147 149 154 161 167 168 172 174 176 179 180 195 
2 3 7 10 11 13 15 21 22 25 27 28 33 34 36 37 41 47 48 49 52 54 56 58 59 63 65 67 73 75 78 79 87 88 90 98 99 104 113 117 120 121 127 133 138 141 142 143 144 148 152 155 156 158 159 171 175 177 184 185 187 188 189 192 194 
4 5 19 29 42 44 55 57 66 70 77 80 81 92 93 94 95 96 97 101 102 105 108 110 114 118 119 123 124 130 135 140 150 157 164 170 178 181 183 190 193 
8 23 46 72 83 91 100 112 122 125 132 153 160 162 166 169 186 
18 20 24 31 38 53 103 126 151 163 165 182 
39 40 86 106 107 115 173 
64 
68 137 191 
1 6 9 12 14 16 17 26 30 32 35 43 45 50 51 60 61 62 69 71 74 76 82 84 85 89 109 111 116 128 129 131 134 136 139 145 146 147 149 154 161 167 168 172 174 176 179 180 195 
2 3 7 10 11 13 15 21 22 25 27 28 33 34 36 37 41 47 48 49 52 54 56 58 59 63 65 67 73 75 78 79 87 88 90 98 99 104 113 117 120 121 127 133 138 141 142 143 144 148 152 155 156 158 159 171 175 177 184 185 187 188 189 192 194 
4 5 19 29 42 44 55 57 66 70 77 80 81 92 93 94 95 96 97 102 105 108 110 114 118 119 123 124 130 135 140 150 157 164 170 178 181 183 190 193 
8 23 46 72 83 91 100 101 112 122 125 132 153 160 162 166 169 186 
18 20 24 31 38 53 103 126 151 163 165 182 
39 40 86 106 107 115 173 
64 
68 137 191 
1 6 9 12 14 16 17 26 30 32 35 43 45 50 51 60 61 62 69 71 74 76 80 82 84 85 89 109 111 116 123 128 129 131 134 136 139 145 146 147 149 154 161 167 168 172 174 176 179 180 195 
2 3 7 10 11 13 15 21 22 25 27 28 33 34 36 37 41 47 48 49 52 54 56 58 59 63 65 67 73 75 78 79 87 88 90 98 99 104 113 117 120 121 127 133 138 141 142 143 144 148 152 155 156 158 159 171 175 177 184 185 187 188 189 192 194 
4 5 19 29 42 44 55 57 66 70 77 81 92 93 94 95 96 97 102 105 108 110 114 118 119 124 130 135 140 150 157 164 170 178 181 183 190 193 
8 23 46 72 83 91 100 101 112 122 125 132 153 160 162 166 169 186 
18 20 24 31 38 53 103 126 151 163 165 182 
39 40 86 106 107 115 173 
64 
68 137 191 
1 6 9 12 14 16 17 26 30 32 35 43 45 50 51 60 61 62 69 71 74 76 80 82 84 85 89 109 111 116 123 128 129 131 134 136 139 145 147 149 154 161 167 168 172 174 176 179 180 195 
2 3 7 10 11 13 15 21 22 25 27 28 33 34 36 37 41 47 48 49 52 54 56 58 59 63 65 67 73 75 78 79 87 88 90 98 99 104 113 117 120 121 127 133 138 141 142 143 144 146 148 152 155 156 158 159 171 175 177 184 185 187 188 189 192 194 
4 5 19 29 42 44 55 57 66 70 77 81 92 93 94 95 96 97 102 105 108 110 114 118 119 124 130 135 140 150 157 164 170 178 181 183 190 193 
8 23 46 72 83 91 100 101 112 122 125 132 153 160 162 166 169 186 
18 20 24 31 38 53 103 126 151 163 165 182 
39 40 86 106 107 115 173 
64 
68 137 191 
1 6 9 12 14 16 17 26 30 32 35 43 45 50 51 60 61 62 69 71 74 76 80 82 84 85 89 109 111 116 123 128 129 131 134 136 139 145 147 149 154 161 167 168 172 174 176 179 180 195 
2 3 7 10 11 13 15 19 21 22 25 27 28 33 34 36 37 41 47 48 49 52 54 56 58 59 63 65 67 73 75 78 79 87 88 90 98 99 104 113 117 120 121 127 133 138 141 142 143 144 146 148 152 155 156 158 159 171 175 177 184 185 187 188 189 192 194 
4 5 29 42 44 55 57 66 70 77 81 92 93 94 95 96 97 102 105 108 110 114 118 119 124 130 135 140 150 157 164 170 178 181 183 190 193 
8 23 46 72 83 91 100 101 112 122 125 132 153 160 162 166 169 186 
18 20 24 31 38 53 103 126 151 163 165 182 
39 40 86 106 107 115 173 
64 
68 137 191 
1 6 9 12 14 16 17 26 30 32 35 43 45 50 51 60 61 62 69 71 74 76 80 82 84 85 89 109 111 116 123 128 129 131 134 136 139 145 147 149 154 161 167 168 172 174 176 179 180 195 
2 3 7 8 10 11 13 19 21 22 23 25 27 28 33 34 36 37 41 46 47 48 49 52 54 56 58 59 63 65 67 72 73 75 78 79 83 87 88 90 91 98 99 100 101 104 112 113 117 120 121 122 125 127 132 133 138 141 142 143 144 146 148 152 153 155 156 158 159 160 162 166 169 171 175 177 184 185 186 187 188 189 192 194 
4 5 29 42 44 55 57 66 70 77 81 92 93 94 95 96 97 102 105 108 110 114 118 119 124 130 135 140 150 157 164 170 178 181 183 190 193 
15 18 20 24 31 38 53 103 126 151 163 165 182 
39 40 86 106 107 115 173 
64 
68 137 191 
1 6 9 12 14 16 17 26 30 32 35 43 45 50 51 60 61 62 71 74 76 80 82 84 85 89 109 111 116 123 128 129 131 134 136 139 145 147 149 154 161 167 168 172 174 176 179 180 195 
2 3 7 8 10 11 13 19 21 22 23 25 27 28 33 34 36 37 41 46 47 48 49 52 54 56 58 59 63 65 67 69 72 73 75 78 79 83 87 88 90 91 98 99 100 101 104 112 113 117 120 121 122 127 133 138 141 142 143 144 146 148 152 153 155 156 158 159 162 166 169 171 175 177 184 185 187 188 189 192 194 
4 5 29 42 44 55 57 66 70 77 81 92 93 94 95 96 97 102 105 108 110 114 118 119 124 125 130 132 135 140 150 157 160 164 170 178 181 183 186 190 193 
15 18 20 24 31 38 53 103 126 151 163 165 182 
39 40 86 106 107 115 173 
64 
68 137 191 
1 6 9 12 14 16 17 19 26 30 32 35 43 45 50 51 60 61 62 71 74 76 80 82 84 85 89 109 111 116 123 128 129 131 134 136 139 145 147 149 154 161 167 168 172 174 176 179 180 195 
2 3 7 8 10 11 13 21 22 23 25 27 28 33 34 36 37 41 47 48 49 52 54 56 58 59 63 65 67 69 73 75 78 79 83 87 88 90 91 93 98 99 101 104 112 113 117 120 121 122 127 133 138 141 142 143 144 146 148 152 153 155 156 157 158 159 166 169 171 175 177 184 185 187 188 189 192 194 
4 15 18 20 24 31 38 53 55 102 103 125 126 130 132 151 160 163 165 182 186 
5 29 42 44 46 57 66 70 72 77 81 92 94 95 96 97 100 105 108 110 114 118 119 124 135 140 150 162 164 170 178 181 183 190 193 
39 40 86 106 107 115 173 
64 
68 137 191 
1 6 9 12 14 16 17 19 26 30 32 35 43 45 50 51 60 61 62 71 74 76 80 82 84 85 89 109 111 116 123 128 129 131 134 136 139 145 147 149 154 161 167 168 172 174 176 179 180 195 
2 3 7 8 10 11 13 21 22 23 25 27 28 33 34 36 37 41 47 48 49 52 54 56 58 59 63 65 67 69 73 75 78 79 83 87 88 90 91 93 98 99 101 104 112 113 117 120 121 122 127 133 138 141 142 143 144 146 148 152 153 155 156 157 158 159 166 169 171 175 177 184 185 187 188 189 192 194 
4 15 18 20 24 31 38 53 55 102 103 125 126 130 132 151 160 163 165 182 186 
5 29 42 44 46 57 66 70 72 77 81 92 94 95 96 97 100 105 108 110 114 118 119 124 135 140 150 162 164 170 178 181 183 190 193 
39 40 86 106 107 115 173 
64 
68 137 191 
1 6 9 12 14 16 17 19 26 30 32 35 43 45 50 51 60 61 62 66 70 71 74 76 80 81 82 84 85 89 105 109 111 116 123 128 129 131 134 136 139 145 147 149 154 161 167 168 172 174 176 179 180 195 
2 3 7 8 10 11 13 21 22 23 25 27 28 34 37 41 47 48 49 52 54 56 58 59 63 65 67 69 73 75 78 79 83 87 88 90 91 93 99 101 104 112 113 117 120 121 122 127 133 138 141 142 143 144 146 152 153 155 156 157 158 159 166 169 171 175 177 184 185 187 188 189 192 194 
4 15 18 20 24 31 38 53 55 102 103 125 126 130 132 148 151 160 163 165 182 186 
5 29 42 44 46 57 72 77 92 94 95 96 97 100 108 110 114 118 119 124 135 140 150 162 164 170 178 181 183 190 193 
33 36 68 98 137 191 
39 40 86 106 107 115 173 
64 
1 6 9 12 14 16 17 19 26 30 32 35 43 45 50 51 60 61 62 66 70 71 74 76 80 81 82 84 85 89 105 109 111 116 123 128 129 131 134 136 139 145 147 149 154 161 167 168 172 174 176 179 180 195 
2 3 7 8 10 11 13 21 22 23 25 27 28 34 37 41 47 48 49 52 54 56 58 59 63 65 67 69 73 75 78 79 83 88 90 91 93 99 101 104 112 113 117 120 121 122 127 133 138 141 142 143 144 146 152 153 155 156 157 158 159 166 169 171 175 177 184 185 187 188 189 192 194 
4 15 18 20 24 31 38 53 55 102 103 125 126 130 132 148 151 160 163 165 182 186 
5 29 42 44 46 57 72 77 92 94 95 96 97 100 108 114 118 119 124 135 140 150 162 164 170 178 181 183 190 193 
33 36 68 87 98 137 191 
39 40 86 106 107 110 115 173 
64 
1 6 9 12 14 16 17 19 26 30 32 35 43 45 50 51 55 60 61 62 66 70 71 74 76 80 81 82 84 85 89 105 109 111 116 123 125 128 129 131 132 134 136 139 145 147 148 149 154 160 161 167 168 172 174 176 179 180 186 195 
2 3 5 7 8 10 11 13 21 22 23 25 27 28 29 34 37 41 42 44 46 47 48 49 52 54 56 57 58 59 63 65 67 69 72 73 75 77 78 79 83 88 90 91 92 93 94 95 96 97 99 100 101 104 108 112 113 114 117 118 119 120 121 122 124 127 133 135 138 140 141 142 143 144 146 150 152 153 155 156 157 158 159 162 164 166 169 170 171 175 177 178 181 183 184 185 187 188 189 190 192 193 194 
4 15 18 20 24 31 38 53 102 103 126 130 151 163 165 182 
33 36 68 87 98 137 191 
39 40 86 106 107 110 115 173 
64 
1 2 3 5 6 7 8 9 10 11 12 13 16 21 22 23 25 27 28 29 34 37 41 42 44 46 47 48 49 52 54 55 56 57 58 59 63 65 66 67 70 72 73 75 77 78 79 81 83 88 90 91 92 93 94 95 96 97 99 100 101 104 105 108 112 113 114 117 118 119 120 121 122 124 125 127 132 133 135 138 140 141 142 143 144 146 148 150 152 153 155 156 157 158 159 160 161 162 164 166 169 170 171 175 177 178 181 183 184 185 186 187 188 189 190 192 193 194 
4 15 18 20 24 31 38 53 69 102 103 126 130 151 163 165 182 
14 17 19 26 30 32 35 43 45 50 51 60 61 62 71 74 76 80 82 84 85 89 109 111 116 123 128 129 131 134 136 139 145 147 149 154 167 168 172 174 176 179 180 195 
33 36 68 87 98 137 191 
39 40 86 106 107 110 115 173 
64 
1 2 3 5 6 7 8 9 10 11 12 13 16 21 22 23 25 27 28 29 34 35 37 41 42 44 46 47 48 49 52 54 55 56 57 58 59 63 65 66 67 70 72 73 75 77 78 79 81 83 88 90 91 92 93 94 95 96 97 99 100 101 104 105 108 112 113 114 117 118 119 120 121 122 124 125 127 132 133 135 138 140 141 142 143 144 146 148 150 152 153 155 156 157 158 159 160 161 162 164 166 169 170 171 175 177 178 181 183 184 185 186 187 188 189 190 192 193 194 
4 15 18 20 24 31 38 53 69 102 103 126 130 151 163 165 182 
14 17 19 26 30 32 43 45 50 51 60 61 62 71 74 76 80 82 84 85 89 109 111 116 123 128 129 131 134 136 139 145 147 149 154 167 168 172 174 176 179 180 195 
33 36 68 87 98 137 191 
39 40 86 106 107 110 115 173 
64 
1 2 3 5 6 7 8 9 10 11 12 13 16 21 22 23 25 27 28 29 34 35 37 41 42 46 47 48 52 54 55 56 57 58 59 63 66 67 70 72 73 77 78 79 81 83 88 91 92 93 94 95 96 97 99 100 101 104 105 108 112 113 114 117 118 119 120 121 122 124 125 127 132 133 135 138 140 141 142 144 146 148 150 152 153 155 156 157 158 159 160 161 162 164 166 169 170 175 178 181 183 184 185 186 187 189 190 192 193 194 
4 15 18 20 24 31 38 53 69 102 103 126 130 151 163 165 182 
14 17 19 26 30 32 43 44 45 49 50 51 60 61 62 65 71 74 75 76 80 82 84 85 89 90 109 111 116 123 128 129 131 134 136 139 143 145 147 149 154 167 168 171 172 174 176 177 179 180 188 195 
33 36 68 87 98 137 191 
39 40 86 106 107 110 115 173 
64 
1 5 6 7 9 12 16 22 25 29 39 40 41 46 47 55 56 66 70 72 73 77 79 81 86 92 94 95 96 97 100 105 106 107 108 110 113 114 115 118 119 125 132 135 140 142 144 146 148 158 160 161 162 170 173 181 183 184 185 186 187 189 190 192 193 194 
2 3 8 10 11 13 21 23 27 28 34 35 37 48 52 54 57 58 59 63 67 78 83 88 91 93 99 101 104 112 117 120 121 122 124 127 133 138 141 150 152 153 155 156 157 159 164 166 169 175 178 
4 15 18 20 24 31 38 53 69 102 103 126 130 151 163 165 182 
14 17 19 26 30 32 42 43 44 45 49 50 51 60 61 62 65 71 74 75 76 80 82 84 85 89 90 109 111 116 123 128 129 131 134 136 139 143 145 147 149 154 167 168 171 172 174 176 177 179 180 188 195 
33 36 68 87 98 137 191 
64 
