4
1 2 3 4 5 6 7 8 9 10 11 12 13 14 17 18 19 21 22 23 24 25 26 27 28 29 30 31 32 33 34 35 36 37 38 39 40 41 42 43 44 45 46 47 48 49 50 51 53 54 55 56 57 58 59 60 61 62 63 64 65 66 67 68 69 70 71 72 73 74 75 76 77 79 80 81 82 83 84 85 86 87 88 89 91 92 93 94 95 96 97 98 99 100 101 102 103 104 105 106 107 108 109 110 111 112 113 114 115 116 117 118 119 120 121 122 124 125 126 127 128 129 130 131 132 133 134 135 136 137 138 139 140 141 142 143 144 145 146 147 148 149 150 151 152 153 154 155 157 158 159 160 161 162 163 164 165 166 167 168 169 170 171 172 173 174 175 176 177 178 179 180 181 182 183 184 186 
15 20 52 90 123 156 185 187 
16 
78 
5
1 2 3 4 5 6 7 8 9 11 12 13 14 17 18 19 21 22 23 25 26 27 28 29 31 32 34 36 37 38 39 40 41 42 43 44 45 46 47 48 49 50 51 53 55 56 57 58 59 60 61 62 64 66 67 68 69 70 71 72 73 74 75 76 77 79 80 81 82 83 84 85 86 87 88 89 91 92 93 94 95 96 97 98 99 100 101 102 103 104 105 106 107 108 109 110 111 112 113 114 115 116 117 118 119 120 121 122 124 125 126 127 128 129 130 131 132 133 135 136 137 138 139 141 142 143 144 146 148 149 150 151 152 153 154 155 157 158 159 160 162 163 164 166 167 168 169 170 171 172 174 175 176 177 178 179 180 181 182 184 186 
10 24 30 33 35 54 63 65 134 140 145 147 161 165 173 183 
15 20 52 90 123 156 185 187 
16 
78 
7
1 3 4 5 6 7 8 10 11 22 23 24 28 29 30 31 33 35 42 44 46 49 50 54 55 56 63 65 81 85 86 92 98 101 106 108 111 112 113 117 121 132 134 139 140 141 145 146 147 151 153 161 163 165 166 168 173 180 181 183 186 
2 9 12 13 14 17 18 19 27 34 37 38 39 40 41 45 47 51 57 58 60 61 64 69 70 71 72 73 74 76 77 79 80 82 83 84 88 89 93 94 95 96 99 100 103 104 105 109 114 116 118 119 120 122 124 125 126 127 129 130 131 133 135 136 137 138 143 144 148 149 150 152 155 157 159 160 164 167 169 170 171 172 174 175 176 177 178 179 182 
15 20 52 90 123 156 185 187 
16 
21 26 32 36 43 48 53 59 67 68 75 87 91 97 102 107 110 142 158 162 184 
25 62 66 115 128 154 
78 
7
1 2 3 4 5 6 7 8 9 10 11 12 13 14 17 18 19 22 23 24 27 28 29 31 33 34 35 38 39 40 41 42 44 45 46 47 49 50 51 55 56 57 58 60 61 63 64 65 68 69 70 71 72 73 74 76 77 79 80 81 82 83 84 85 86 88 89 92 93 94 95 96 98 99 100 101 103 104 105 106 108 109 111 112 113 114 116 117 118 120 122 124 125 126 127 129 130 131 132 133 134 135 136 137 138 139 140 141 143 144 145 146 147 148 149 150 151 152 153 155 157 159 160 161 163 164 165 166 167 168 169 170 171 172 173 174 175 176 177 178 179 180 181 182 183 186 
15 20 37 52 90 123 156 185 187 
16 
21 26 32 36 43 48 53 59 67 75 87 91 97 102 107 110 119 142 158 162 184 
25 62 66 115 121 128 154 
30 54 
78 
6
1 2 3 4 5 6 7 8 11 12 13 14 17 19 21 22 23 24 26 28 29 31 32 34 36 38 39 42 43 44 46 48 49 50 51 53 55 56 57 58 59 60 61 64 67 69 70 71 72 73 75 79 80 81 82 84 85 86 87 88 91 92 93 94 96 97 98 99 102 104 105 106 107 108 109 110 111 112 113 114 116 117 119 120 122 124 126 127 129 130 132 133 135 136 137 138 139 141 142 144 145 146 147 148 149 151 152 153 155 157 158 159 160 161 162 163 164 166 167 168 170 171 172 173 174 176 178 179 180 181 182 184 186 
9 10 18 27 33 35 40 41 45 47 63 65 68 74 76 77 78 83 89 95 100 101 103 118 125 131 134 140 143 150 165 169 175 177 183 
15 20 37 52 90 123 156 185 187 
16 
25 62 66 115 121 128 154 
30 54 
6
1 2 3 4 5 6 7 8 11 12 13 14 17 19 21 22 23 24 26 29 31 32 34 36 38 39 42 43 44 46 48 49 50 51 53 55 56 57 58 59 60 61 64 67 69 70 71 72 73 75 79 80 81 82 84 85 86 87 88 91 92 93 94 96 97 98 99 102 104 105 106 107 108 109 110 111 112 113 114 116 117 119 120 122 124 126 127 129 130 132 133 135 136 137 138 139 141 142 144 145 146 147 148 149 151 152 153 155 157 158 159 160 161 162 163 164 166 167 168 170 171 172 173 174 176 178 179 180 181 182 184 186 
9 10 18 27 28 33 35 40 41 45 47 63 65 68 74 76 77 78 83 89 95 100 101 103 118 125 131 134 140 143 150 165 169 175 177 183 
15 20 37 52 90 123 156 185 187 
16 
25 62 66 115 121 128 154 
30 54 
7
1 2 5 7 8 11 12 13 14 17 21 26 32 34 36 38 39 42 43 48 50 51 53 55 56 57 58 59 60 64 67 69 70 71 72 73 75 79 80 82 84 85 87 88 91 92 93 97 98 102 104 105 107 108 109 110 113 114 116 119 120 122 124 126 127 129 130 133 135 137 138 139 142 148 149 151 152 155 158 159 160 161 162 163 170 171 172 174 178 179 180 184 186 
3 4 6 9 10 18 19 23 24 27 28 29 31 33 35 40 41 44 45 46 47 49 63 65 68 74 76 77 78 81 83 86 89 95 99 100 101 103 106 111 118 125 131 132 134 136 140 141 143 145 146 147 150 153 157 164 165 166 168 169 173 175 176 177 181 183 
15 20 37 52 90 123 156 185 187 
16 22 61 94 96 144 167 182 
25 62 66 115 121 128 154 
30 54 
112 117 
8
1 2 5 6 7 8 12 13 14 17 19 21 26 32 34 36 38 39 42 43 48 50 53 55 56 57 58 59 60 64 67 69 70 71 72 73 75 79 80 82 84 85 87 91 92 93 97 102 104 105 106 107 109 110 113 114 116 119 120 124 126 127 129 130 133 135 137 138 139 148 149 151 152 155 158 159 160 161 162 163 165 170 171 172 174 178 179 180 181 184 186 
3 4 9 10 11 23 24 27 28 29 31 33 37 40 41 44 45 46 47 49 63 74 76 77 78 81 83 86 88 89 95 98 99 100 101 108 111 118 122 125 131 132 136 140 141 142 143 145 146 147 150 153 157 164 166 168 169 173 175 176 177 183 
15 20 52 90 123 156 185 187 
16 22 51 61 94 96 144 167 182 
18 35 65 68 103 134 
25 62 66 115 121 128 154 
30 54 
112 117 
8
1 2 3 4 5 7 8 12 13 14 15 17 18 20 23 24 29 31 34 37 38 39 42 43 44 46 50 56 57 58 60 64 69 70 71 72 73 79 80 81 82 84 85 86 87 90 93 104 105 107 109 111 113 114 116 120 123 124 126 127 129 130 131 133 135 137 138 139 141 145 146 147 148 149 151 152 153 155 159 160 161 163 165 170 171 172 173 178 179 180 181 186 
6 9 10 11 21 26 27 28 32 33 36 40 41 45 47 48 49 53 59 63 67 74 75 76 77 78 83 88 89 91 95 97 98 99 100 101 102 106 108 110 118 119 122 125 132 136 140 142 143 150 157 158 162 164 166 168 169 174 175 176 177 183 184 
16 19 22 51 55 61 92 94 96 144 167 182 
25 62 66 115 121 128 154 
30 54 
35 65 68 103 134 
52 156 185 187 
112 117 
8
1 2 3 4 8 12 13 14 17 23 24 29 30 31 34 37 38 39 42 43 44 46 50 54 56 57 58 60 64 69 70 71 72 73 79 80 81 82 84 86 87 90 93 104 105 107 109 111 114 116 120 123 124 126 127 129 130 133 135 137 138 139 141 145 146 147 148 149 152 153 155 159 160 161 165 170 171 172 173 178 179 180 181 184 
5 7 9 10 11 18 27 28 33 40 41 45 47 63 74 76 77 78 83 85 88 89 95 96 98 99 100 101 108 118 122 125 136 140 143 150 157 163 164 168 169 175 176 177 183 186 
6 21 26 32 36 48 49 53 59 67 75 91 97 102 106 110 119 132 142 158 162 166 174 
15 20 52 156 185 187 
16 19 22 51 55 61 92 94 144 167 182 
25 62 66 115 121 128 154 
35 65 68 103 113 131 134 151 
112 117 
7
1 35 50 60 65 68 103 113 127 131 134 151 179 
2 3 4 8 12 13 14 17 23 24 29 30 31 34 37 38 39 42 43 44 46 54 56 57 58 64 69 70 71 72 73 79 80 81 82 84 86 87 90 93 104 105 107 109 111 114 116 120 123 124 126 129 130 133 135 137 138 139 141 145 146 147 148 149 152 153 155 159 160 161 165 168 170 171 172 173 178 180 181 184 
5 7 9 10 11 18 27 28 33 40 41 45 47 63 74 76 77 78 83 85 88 89 95 96 98 99 100 101 108 118 122 125 136 140 143 150 157 163 164 169 175 176 177 183 186 
6 15 20 21 26 32 36 48 49 52 53 59 67 75 91 97 102 106 110 119 132 142 156 158 162 166 174 185 187 
16 19 22 51 55 61 92 94 144 167 182 
25 62 66 115 121 128 154 
112 117 
7
1 35 50 60 65 68 103 113 127 131 134 151 179 
2 3 4 8 12 13 14 17 23 24 29 30 31 37 38 39 42 44 46 47 54 56 57 58 64 69 70 71 72 73 79 80 81 82 84 86 87 90 93 101 104 105 107 109 111 114 116 120 123 124 126 129 130 133 135 137 138 139 141 145 146 147 148 149 150 152 153 155 159 160 161 165 168 170 171 172 173 178 180 181 184 
5 7 9 10 11 18 27 28 33 40 41 45 52 63 74 76 77 78 83 85 88 89 95 96 98 99 100 118 122 125 136 140 143 157 163 164 169 175 176 177 183 186 
6 15 20 21 26 32 34 36 43 48 49 53 59 67 75 91 97 102 106 110 119 132 142 156 158 162 166 174 185 187 
16 19 22 51 55 61 92 94 108 144 167 182 
25 62 66 115 121 128 154 
112 117 
7
1 35 50 60 65 68 103 113 127 131 134 151 179 
2 3 4 8 12 13 14 17 23 24 29 30 31 33 37 38 42 44 46 47 54 57 58 63 64 69 70 71 72 73 79 80 81 82 84 86 87 90 101 104 105 107 109 111 114 116 120 123 124 126 129 130 133 135 137 138 139 141 145 146 147 148 150 152 153 155 158 159 160 161 165 168 170 171 172 173 178 180 181 183 184 
5 7 9 10 11 18 27 28 40 41 45 52 74 76 77 78 83 85 89 95 96 98 99 100 118 125 136 140 143 157 163 164 169 175 176 177 186 
6 15 20 21 26 32 34 36 43 48 49 53 59 67 75 88 91 97 102 106 110 119 122 132 142 156 162 166 174 185 187 
16 19 22 51 55 61 92 94 108 144 167 182 
25 62 66 115 121 128 154 
39 56 93 112 117 149 
7
1 35 50 60 65 68 103 113 127 131 134 151 179 
2 3 4 8 12 14 17 23 24 29 30 31 33 37 38 42 44 46 47 54 57 58 63 64 69 70 71 72 73 79 80 81 82 84 86 87 90 101 104 105 107 109 111 114 116 120 123 124 126 129 130 133 135 137 138 139 141 145 146 147 148 150 152 153 155 158 159 160 161 165 168 170 171 172 173 178 180 181 183 184 
5 7 9 10 11 18 27 28 40 41 45 52 74 76 77 78 83 85 89 95 96 98 99 100 118 125 136 140 143 157 163 164 169 175 176 177 186 
6 13 15 20 21 26 32 34 36 43 48 49 53 59 67 75 88 91 97 102 106 110 119 122 132 142 156 162 166 174 185 187 
16 19 22 51 55 61 92 94 108 144 167 182 
25 62 66 115 121 128 154 
39 56 93 112 117 149 
8
1 35 50 60 65 68 103 113 127 131 134 151 179 
2 30 33 54 114 168 171 
3 4 5 6 7 9 10 11 18 23 27 28 32 37 40 41 45 46 48 52 53 59 63 67 74 75 76 77 78 81 83 85 86 89 91 95 96 97 98 99 100 105 106 118 125 136 139 140 141 143 153 157 159 161 163 164 169 174 175 176 177 180 186 
8 12 14 17 24 29 31 38 42 44 47 57 58 64 69 70 71 72 73 79 80 82 84 87 90 101 104 107 109 111 116 120 123 124 126 129 130 133 135 137 138 145 146 147 148 150 152 155 158 160 165 170 172 173 178 181 183 184 
13 15 20 21 26 34 36 43 49 88 102 110 119 122 132 142 156 162 166 185 187 
16 19 22 51 55 61 92 94 108 144 167 182 
25 62 66 115 121 128 154 
39 56 93 112 117 149 
8
1 31 35 44 50 60 65 68 80 103 113 127 131 134 151 179 
2 30 33 54 114 168 171 
3 4 5 6 7 9 10 11 18 23 27 28 32 37 40 41 45 46 48 52 53 59 63 67 74 75 76 77 78 81 83 85 86 89 91 95 96 97 98 99 100 105 106 118 125 136 139 140 141 143 153 157 158 159 161 163 164 169 174 175 176 177 180 186 
8 12 14 17 24 29 38 42 47 57 58 64 69 70 71 73 79 82 84 87 90 101 104 107 109 111 116 120 123 124 126 129 130 133 135 137 145 146 147 148 150 152 155 160 165 170 172 173 178 181 183 184 
13 15 20 21 26 34 36 43 49 72 88 102 110 119 122 132 138 142 156 162 166 185 187 
16 19 22 51 55 61 92 94 108 144 167 182 
25 62 66 115 121 128 154 
39 56 93 112 117 149 
8
1 6 31 35 44 48 50 53 60 65 68 80 91 103 113 127 131 134 151 179 
2 13 21 26 30 33 36 54 69 102 110 114 119 168 171 
3 4 8 12 14 17 24 29 32 38 42 47 57 58 64 70 71 73 79 81 82 84 87 90 97 101 104 105 107 109 111 116 120 123 124 126 129 130 133 135 137 141 145 146 147 148 150 152 153 155 159 160 165 170 172 173 174 178 181 183 184 
5 7 9 10 11 18 23 27 28 37 40 41 45 46 52 59 63 67 74 75 76 77 78 83 85 86 89 95 96 98 99 100 106 118 125 136 139 140 143 157 158 161 162 163 164 169 175 176 177 180 186 
15 20 34 43 49 72 88 122 132 138 142 156 166 185 187 
16 19 22 51 55 61 92 94 108 144 167 182 
25 62 66 115 121 128 154 
39 56 93 112 117 149 
8
1 6 17 31 35 41 44 48 50 53 60 65 68 70 73 80 91 103 109 113 126 127 131 134 151 179 
2 13 21 26 30 33 36 54 69 102 110 114 119 168 171 
3 4 5 7 8 11 12 14 18 24 28 29 32 38 42 47 57 58 64 71 79 81 82 84 85 87 90 97 98 100 101 104 105 107 111 116 120 123 124 129 130 133 135 137 141 145 146 147 148 150 152 153 155 158 159 160 163 169 170 172 173 174 178 181 183 184 186 
9 10 23 27 37 40 45 46 52 59 63 67 74 75 76 77 78 83 86 89 95 96 99 106 118 125 136 139 140 143 157 161 162 164 175 176 177 180 
15 20 34 43 49 72 88 122 132 138 142 156 166 185 187 
16 19 22 51 55 61 92 94 108 144 167 182 
25 62 66 115 121 128 154 
39 56 93 112 117 149 165 
8
1 6 17 31 35 41 44 48 50 53 60 65 68 70 73 80 91 103 109 113 126 127 131 134 179 
2 13 21 26 30 33 36 54 69 102 110 114 119 151 168 171 
3 4 5 7 8 11 12 14 18 24 28 29 32 38 42 46 47 57 58 63 64 71 79 81 82 84 85 86 87 90 97 98 100 101 104 105 107 111 116 120 123 124 129 130 133 135 137 141 145 146 147 148 150 152 153 155 158 159 160 163 169 170 172 173 174 178 181 183 184 186 
9 10 23 27 37 40 45 52 59 67 74 75 76 77 78 83 89 95 96 99 106 118 125 136 139 140 143 157 161 162 164 175 176 177 180 
15 20 34 43 49 72 88 122 132 138 142 156 166 185 187 
16 19 22 51 55 61 92 94 108 144 167 182 
25 62 66 115 121 128 154 
39 56 93 112 117 149 165 
8
1 6 17 31 35 44 48 50 53 60 65 68 70 73 80 91 103 109 113 126 127 131 134 179 
2 13 21 26 30 33 36 54 69 102 110 114 119 151 168 171 
3 4 5 7 8 11 14 18 28 29 32 41 46 63 81 85 86 97 98 100 105 130 137 141 153 158 159 163 169 174 178 181 186 
9 10 12 23 24 27 37 38 40 42 45 52 57 58 59 64 67 71 74 75 76 77 78 79 82 83 84 87 89 90 95 96 99 104 106 107 111 116 118 120 123 124 125 129 133 135 136 139 140 143 145 146 147 148 152 155 157 160 161 162 164 170 172 173 175 176 177 180 183 184 
15 20 34 43 49 72 88 122 132 138 142 156 166 185 187 
16 19 22 51 55 61 92 94 108 144 167 182 
25 47 62 66 101 115 121 128 150 154 
39 56 93 112 117 149 165 
9
1 31 35 44 60 65 68 80 103 113 131 134 179 
2 13 21 26 30 33 36 54 69 102 110 114 119 151 168 170 171 
3 4 5 7 8 11 14 18 28 29 32 41 46 63 81 85 86 97 98 100 105 130 137 141 153 158 159 163 169 174 178 181 186 
6 17 48 50 53 70 73 91 109 126 127 
9 10 12 23 24 37 38 40 42 45 52 57 58 59 64 67 71 74 75 76 77 78 79 82 83 84 87 89 90 95 96 99 104 106 107 111 116 118 120 123 124 125 129 133 135 136 139 140 143 145 146 147 148 152 155 157 160 161 162 164 172 173 175 176 177 180 183 184 
15 20 34 43 49 72 88 122 132 138 142 156 166 185 187 
16 19 22 51 55 61 92 94 108 144 167 182 
25 47 62 66 101 115 121 128 150 154 
27 39 56 93 112 117 149 165 
9
1 31 35 44 60 65 68 80 103 113 131 134 179 
2 12 13 21 26 30 33 36 38 54 64 79 90 102 107 110 114 116 119 124 129 133 151 168 170 171 172 183 
3 4 5 7 8 11 14 18 28 29 32 34 41 43 46 63 81 85 86 97 98 100 105 130 141 153 158 159 163 169 174 178 181 186 
6 17 48 50 53 70 73 91 109 126 127 
9 23 24 27 37 39 40 42 45 49 52 56 57 58 59 67 69 71 72 74 75 76 77 82 83 84 87 88 89 93 95 96 99 104 106 111 112 117 118 120 122 125 135 136 138 139 142 143 145 146 147 148 149 152 155 157 160 161 162 164 165 166 173 175 176 177 180 184 
10 78 140 
15 20 132 156 185 187 
16 19 22 51 55 61 92 94 108 144 167 182 
25 47 62 66 101 115 121 123 128 137 150 154 
9
1 31 35 38 44 60 64 65 68 80 103 113 116 129 131 134 179 
2 12 21 26 28 30 36 46 54 79 86 90 100 102 107 110 114 119 133 151 155 168 171 172 183 
3 4 5 7 8 9 11 13 14 18 23 24 29 32 33 34 37 40 41 42 43 45 49 52 56 57 58 59 63 67 69 71 72 74 75 76 81 82 83 84 85 87 88 89 95 96 97 98 99 104 105 106 111 118 120 122 124 130 135 136 138 139 141 142 143 145 146 147 148 152 153 157 158 159 160 161 162 163 164 166 169 170 173 174 175 176 177 178 180 181 184 186 
6 17 48 50 53 70 73 91 109 126 127 
10 78 140 
15 20 132 156 185 187 
16 19 22 51 55 61 92 94 108 144 167 182 
25 47 62 66 101 115 121 123 128 137 150 154 
27 39 77 93 112 117 125 149 165 
9
1 28 31 35 38 44 46 60 64 65 68 79 80 86 90 100 103 107 113 116 129 131 133 134 155 172 179 
2 12 26 30 36 54 102 110 114 119 168 171 183 
3 4 5 7 8 9 11 13 14 18 21 23 24 29 32 33 34 37 40 41 42 43 45 49 52 56 57 58 59 63 67 71 72 74 75 76 81 82 83 84 85 87 88 89 95 96 97 98 99 104 105 106 111 118 120 121 122 124 130 135 136 138 139 141 142 143 145 146 147 148 151 152 153 157 158 159 160 161 162 163 164 166 169 170 173 174 175 176 177 178 180 181 184 186 
6 17 48 50 53 70 73 91 109 126 127 
10 78 140 
15 20 132 156 185 187 
16 19 22 51 55 61 69 92 94 108 144 167 182 
25 47 62 66 101 115 123 128 137 150 154 
27 39 77 93 112 117 125 149 165 
8
1 9 13 21 23 24 27 28 31 33 35 37 38 39 40 42 44 45 46 56 57 58 60 64 65 67 68 71 72 74 75 76 77 79 80 82 83 84 86 87 89 90 93 95 96 100 103 104 107 112 113 116 117 118 120 121 124 125 129 131 133 134 135 139 143 145 146 147 148 149 151 152 160 161 162 165 170 172 173 175 177 179 180 184 
2 12 26 30 36 54 102 110 114 119 168 171 183 
3 4 5 7 8 11 14 18 29 32 34 41 43 49 51 52 59 61 63 81 85 88 94 97 98 99 105 106 111 122 130 136 138 141 142 153 157 158 159 163 164 166 167 169 174 176 178 181 182 186 
6 17 48 50 53 70 73 91 109 126 127 
10 78 140 
15 20 132 155 156 185 187 
16 19 22 55 69 92 108 144 
25 47 62 66 101 115 123 128 137 150 154 
9
1 27 35 38 39 60 64 65 68 77 93 103 112 113 116 117 125 129 131 134 149 165 179 
2 12 26 28 30 31 36 37 44 46 54 79 80 86 90 100 102 107 110 114 119 133 168 171 172 183 
3 4 8 11 16 19 22 29 55 63 69 81 92 108 141 144 153 181 
5 7 14 18 32 34 41 43 51 52 59 61 85 94 97 98 99 105 106 111 130 135 136 157 158 159 163 164 166 167 169 174 176 178 182 186 
6 17 48 50 53 70 73 91 109 126 127 
9 13 21 23 24 33 40 42 45 49 56 57 58 67 71 72 74 75 76 82 83 84 87 88 89 95 96 104 118 120 121 122 124 138 139 142 143 145 146 147 148 151 152 160 161 162 170 173 175 177 180 184 
10 78 140 
15 20 132 155 156 185 187 
25 47 62 66 101 115 123 128 137 150 154 
9
1 2 4 12 26 28 30 31 35 36 37 38 44 45 46 54 60 64 65 68 77 79 80 81 86 90 100 102 103 107 110 113 114 116 119 129 131 133 134 141 153 168 171 172 179 183 
3 8 11 16 19 22 29 55 63 69 92 108 144 181 
5 7 14 18 32 34 41 43 51 52 59 61 67 72 85 94 97 98 99 105 106 111 120 121 130 135 136 157 158 159 160 163 164 166 167 169 174 176 178 182 186 
6 17 48 50 53 73 91 126 127 
9 13 21 23 24 33 40 42 49 56 57 58 71 74 75 76 82 83 84 87 88 89 95 96 104 118 122 124 138 139 142 143 145 146 147 148 151 152 161 162 170 173 175 177 180 184 
10 78 140 
15 20 70 109 132 155 156 185 187 
25 47 62 66 101 115 123 128 137 150 154 
27 39 93 112 117 125 149 165 
8
1 2 4 12 26 30 31 35 36 37 38 44 54 60 64 65 68 77 79 80 81 83 89 90 103 107 110 113 114 116 119 129 131 133 134 141 153 168 171 172 179 183 
3 8 11 16 19 22 29 55 63 69 92 108 144 181 
5 7 14 18 32 34 41 43 45 51 52 59 61 67 72 85 94 97 98 99 102 105 106 111 120 121 130 135 136 157 158 159 160 163 164 166 167 169 174 176 178 182 186 
6 17 48 50 53 73 91 126 127 
9 13 21 23 24 27 28 33 39 40 42 46 49 56 57 58 71 74 75 76 82 84 86 87 88 93 95 96 100 104 112 117 118 122 124 125 138 139 142 143 145 146 147 148 149 151 152 161 162 165 170 173 175 177 180 184 
10 78 140 
15 20 70 109 132 155 156 185 187 
25 47 62 66 101 115 123 128 137 150 154 
8
1 2 4 12 13 26 30 31 35 36 37 44 54 56 65 68 76 77 79 80 81 83 88 89 90 95 103 107 110 113 114 118 119 131 133 134 138 141 143 145 153 162 168 170 171 172 173 175 179 180 183 
3 8 11 16 19 22 29 55 63 69 92 108 144 181 
5 7 14 18 23 32 34 41 43 45 51 52 59 61 67 72 85 94 96 97 98 99 102 105 106 111 120 121 123 130 135 136 137 157 158 159 160 163 164 166 167 169 174 176 177 178 182 186 
6 17 48 50 53 73 91 126 127 
9 21 24 27 28 33 38 39 40 42 46 49 57 58 60 64 71 74 75 82 84 86 87 93 100 104 112 116 117 122 124 125 129 139 142 146 147 148 149 151 152 161 165 184 
10 78 140 
15 20 70 109 132 155 156 185 187 
25 47 62 66 101 115 128 150 154 
9
1 2 4 12 13 26 30 31 33 35 36 37 43 44 45 54 56 65 68 71 76 77 79 80 81 83 88 89 90 95 103 107 110 113 114 118 119 123 124 131 133 134 138 141 143 145 153 161 162 164 168 170 171 172 173 175 179 180 
3 8 11 16 19 22 29 55 63 69 92 108 144 181 182 
5 7 21 23 24 32 34 42 49 57 58 75 82 84 85 87 96 97 98 104 121 122 139 142 146 147 148 151 152 169 174 177 184 186 
6 17 48 50 53 73 91 126 127 
9 27 28 38 39 40 46 60 64 74 86 93 100 112 116 117 125 129 149 165 
10 78 140 
14 18 41 51 52 59 61 67 72 94 99 102 105 106 111 120 130 135 136 137 157 158 159 160 163 166 167 176 178 183 
15 20 70 109 132 155 156 185 187 
25 47 62 66 101 115 128 150 154 
9
1 2 4 12 13 26 30 31 35 36 37 43 44 45 54 56 65 68 76 77 79 80 81 83 88 89 90 95 103 107 110 113 114 118 123 131 133 134 138 141 143 145 153 162 164 168 170 171 172 173 175 179 180 
3 8 11 16 19 22 29 55 63 69 92 144 181 182 
5 7 21 23 24 32 34 42 49 57 58 75 82 84 85 87 96 97 98 104 121 122 127 139 142 146 147 148 151 152 169 174 177 184 186 
6 17 33 48 50 53 71 73 91 119 124 126 161 
9 27 28 38 39 40 46 60 64 74 86 93 100 112 116 117 125 129 149 165 
10 78 140 
14 18 41 51 52 59 61 67 72 94 99 102 105 106 108 111 120 130 135 136 137 155 157 158 159 160 163 166 167 176 178 183 
15 20 70 109 132 156 185 187 
25 47 62 66 101 115 128 150 154 
9
1 5 7 21 23 24 32 34 42 49 57 58 82 84 85 96 97 98 104 121 122 127 139 146 148 151 152 169 174 177 184 186 
2 4 12 13 26 30 31 35 36 37 43 44 45 48 53 54 56 65 68 76 77 79 80 88 90 95 103 107 110 113 114 118 123 131 133 134 138 141 143 145 147 162 164 168 170 171 172 173 175 179 180 
3 8 11 16 19 22 29 55 63 69 92 144 181 182 
6 17 33 50 71 73 91 119 124 126 161 
9 27 28 38 39 40 46 60 64 74 86 93 100 112 116 117 125 129 149 165 
10 78 140 
14 18 41 51 52 59 61 67 72 81 83 89 94 99 102 105 106 108 111 120 130 135 136 137 142 153 155 157 158 159 160 163 166 167 176 178 183 
15 20 70 75 87 109 132 156 185 187 
25 47 62 66 101 115 128 150 154 
8
1 5 7 14 18 21 23 24 32 34 41 42 49 51 57 58 59 61 81 82 83 84 85 89 94 96 97 98 99 104 105 106 107 108 111 121 122 127 130 135 136 137 139 142 146 148 151 152 153 155 157 158 159 163 166 167 169 174 176 177 178 183 184 186 
2 4 12 13 26 30 31 35 36 37 43 44 45 48 52 53 54 56 65 67 68 72 76 77 79 80 88 90 95 102 103 110 113 114 118 120 123 131 133 134 138 141 143 145 147 160 162 164 168 170 171 172 173 175 179 180 
3 8 11 16 19 22 29 55 63 69 92 144 181 182 
6 17 33 50 71 73 91 119 124 126 161 
9 27 28 38 39 40 46 60 64 74 86 93 100 112 116 117 125 129 149 165 
10 78 140 
15 20 70 75 87 109 132 156 185 187 
25 47 62 66 101 115 128 150 154 
8
1 5 7 14 17 18 21 23 24 32 33 34 41 42 49 51 57 58 59 61 81 82 83 84 85 89 94 96 97 98 99 104 105 106 107 108 111 119 121 122 124 127 130 135 136 137 139 142 145 146 148 151 152 153 157 158 159 161 163 166 167 169 173 174 176 177 183 184 186 
2 4 12 13 26 30 31 35 36 37 43 44 45 48 52 53 54 56 65 67 68 72 76 77 79 80 88 90 95 102 103 110 113 114 118 123 131 133 134 138 141 143 147 155 160 162 164 168 170 171 172 175 179 180 
3 8 11 16 19 22 29 55 63 69 92 144 181 182 
6 50 71 73 91 126 
9 27 28 38 39 40 46 60 64 74 86 93 100 112 116 117 120 125 129 149 165 
10 78 140 
15 20 70 75 87 109 132 156 178 185 187 
25 47 62 66 101 115 128 150 154 
8
1 9 27 28 38 39 40 42 46 49 57 60 64 74 86 93 100 107 112 116 117 120 122 125 129 149 165 
2 4 12 13 26 30 31 35 36 37 43 44 48 52 53 54 56 61 65 67 68 72 76 77 79 80 81 83 88 89 90 95 102 103 106 110 113 114 118 123 131 133 134 138 141 143 145 147 153 155 160 162 164 168 170 171 172 175 179 180 
3 8 11 16 19 22 29 55 63 69 92 144 181 182 
5 7 14 17 18 21 23 24 32 33 34 41 45 51 58 59 82 84 85 94 96 97 98 99 104 105 108 111 119 121 124 127 130 135 136 137 139 142 146 148 151 152 157 158 159 161 163 166 167 169 173 174 176 177 183 184 186 
6 50 71 73 91 126 
10 78 140 
15 20 70 75 87 109 132 156 178 185 187 
25 47 62 66 101 115 128 150 154 
7
1 2 4 5 7 9 12 13 21 23 26 27 28 30 31 32 34 35 36 37 38 39 40 42 43 44 45 46 48 49 52 53 54 56 57 58 60 61 64 65 67 68 72 74 76 77 79 80 81 83 85 86 88 89 90 93 95 96 97 98 100 102 103 106 107 110 112 113 114 116 117 118 120 121 122 123 125 127 129 131 133 134 138 141 143 145 147 149 151 153 155 160 162 164 165 168 169 170 171 172 174 175 177 179 180 186 
3 8 11 14 16 17 18 19 22 24 29 33 41 51 55 59 63 69 82 84 92 94 99 104 105 108 111 119 124 130 135 136 137 139 142 144 146 148 152 157 158 159 161 163 166 167 176 181 182 183 184 
6 50 71 73 91 126 
10 78 140 
15 20 70 75 87 109 132 156 178 185 187 
25 47 62 66 101 115 128 150 154 
173 
7
1 2 4 5 7 9 12 13 21 26 27 28 30 31 35 36 37 38 39 40 42 43 44 46 49 52 53 54 56 57 58 60 64 65 67 68 72 74 76 77 79 80 81 83 85 86 88 89 90 93 95 98 100 102 103 106 107 110 111 112 113 114 116 117 118 120 122 123 125 127 129 133 134 138 143 145 147 149 151 153 155 160 162 164 165 168 170 171 172 175 179 180 186 
3 8 11 14 16 17 18 19 22 24 29 33 41 51 55 59 61 63 69 82 84 92 94 99 104 105 108 119 124 130 131 135 136 137 139 141 142 144 146 148 152 157 158 159 161 163 166 167 176 181 182 183 184 
6 50 71 73 91 126 
10 78 140 
15 20 48 70 75 87 109 132 156 178 185 187 
23 32 34 45 96 97 121 169 173 174 177 
25 47 62 66 101 115 128 150 154 
7
1 2 4 5 7 9 12 13 21 26 27 28 30 31 35 36 37 38 39 40 42 43 44 46 49 52 53 54 56 57 58 60 64 65 67 68 72 74 76 77 79 80 81 83 85 86 88 89 90 93 95 98 100 102 103 106 107 110 111 112 113 114 116 117 118 120 122 123 125 127 129 133 134 138 143 145 147 149 153 155 160 162 164 165 168 170 171 172 175 179 180 186 
3 8 11 14 16 17 18 19 22 24 29 33 41 51 55 59 61 63 69 82 84 92 94 99 104 105 108 119 124 130 131 135 136 137 139 141 142 144 146 148 152 157 158 159 161 163 166 167 176 181 182 183 184 
6 50 71 73 91 126 
10 78 140 
15 20 48 70 75 87 109 132 151 156 178 185 187 
23 32 34 45 96 97 121 169 173 174 177 
25 47 62 66 101 115 128 150 154 
7
1 2 3 8 9 11 12 14 16 17 18 19 22 24 26 28 29 30 31 33 35 36 37 38 39 40 41 42 43 44 46 49 51 53 54 55 57 59 60 61 63 64 65 68 69 70 74 75 77 79 80 84 86 87 90 92 93 94 99 100 103 104 105 106 107 108 110 111 112 113 114 116 117 119 120 122 123 124 125 129 130 131 133 134 135 136 137 139 141 142 143 144 145 146 147 149 152 155 157 158 159 161 163 166 167 168 171 172 176 179 181 182 183 
4 5 7 13 21 27 52 56 58 67 72 76 81 82 83 85 88 89 95 98 102 118 127 138 148 153 160 162 164 165 170 174 175 180 184 186 
6 50 71 73 91 126 
10 78 140 
15 20 48 109 132 151 156 178 185 187 
23 32 34 45 96 97 121 169 173 177 
25 47 62 66 101 115 128 150 154 
7
1 2 3 8 9 11 12 14 16 17 18 19 22 24 26 28 29 30 31 33 35 36 37 38 39 40 41 42 43 44 46 49 51 53 54 55 57 59 60 61 64 65 68 69 70 74 75 77 79 80 84 86 87 90 92 93 94 99 100 102 103 104 105 106 107 108 110 111 112 113 114 116 117 119 120 122 123 124 125 129 130 131 133 134 135 136 137 139 141 142 143 144 145 146 147 149 152 155 157 158 159 161 163 166 167 168 171 172 176 179 181 182 183 
4 5 7 13 21 27 52 56 58 67 72 76 81 82 83 85 88 89 95 98 118 127 138 148 153 160 162 164 165 170 174 175 180 184 186 
6 50 71 73 91 126 
10 78 140 
15 20 48 109 132 151 156 178 185 187 
23 32 34 45 63 96 97 121 169 173 177 
25 47 62 66 101 115 128 150 154 
7
1 2 3 8 9 11 12 14 16 17 19 22 24 26 28 29 30 33 35 36 37 38 39 40 41 42 46 49 51 53 54 55 57 59 60 61 64 65 68 69 70 74 75 77 79 84 86 87 92 93 94 99 100 102 103 104 105 108 110 111 112 113 114 116 117 119 120 122 124 125 129 130 131 134 135 136 137 139 141 142 143 144 145 146 147 149 152 155 157 158 159 161 163 166 167 168 171 172 176 179 181 182 183 
4 5 7 13 18 21 27 31 43 44 52 56 58 67 72 76 80 81 82 83 85 88 89 90 95 98 106 107 118 123 127 133 138 148 153 160 162 164 165 170 174 175 180 184 186 
6 50 71 73 91 126 
10 78 140 
15 20 48 109 132 151 156 178 185 187 
23 32 34 45 63 96 97 121 169 173 177 
25 47 62 66 101 115 128 150 154 
8
1 9 24 26 35 36 38 41 42 49 51 54 57 60 64 65 68 70 75 77 84 86 87 93 103 104 110 113 116 121 122 125 134 139 145 146 149 152 155 183 
2 3 8 11 12 14 16 17 19 22 28 29 30 33 37 39 53 55 59 61 69 74 79 92 94 99 100 102 105 108 111 112 114 117 119 120 124 129 130 131 135 136 137 141 142 143 144 147 157 158 159 161 163 166 167 168 171 172 176 179 181 182 
4 5 7 13 18 21 27 31 40 43 44 46 52 56 58 67 72 76 80 81 82 83 85 88 89 90 95 98 106 107 118 123 127 133 138 148 153 160 162 164 165 170 174 175 180 184 186 
6 50 71 73 91 126 
10 78 140 
15 20 48 109 132 151 156 178 185 187 
23 32 34 45 63 96 97 169 173 177 
25 47 62 66 101 115 128 150 154 
7
1 2 3 4 5 7 8 9 11 12 13 14 16 17 18 19 21 22 24 26 27 29 30 31 33 35 36 37 38 40 41 42 43 44 46 49 51 52 53 54 55 56 57 58 59 60 61 64 65 67 68 69 70 72 74 75 76 77 79 80 81 82 83 84 85 86 87 88 89 90 92 93 94 95 98 99 102 103 104 105 106 107 108 110 111 113 114 116 118 119 120 121 122 123 124 125 127 129 130 131 133 134 135 136 137 138 139 141 142 143 144 145 146 147 148 149 152 153 155 157 158 159 160 161 162 163 164 165 166 167 168 170 171 172 174 175 176 179 180 181 182 183 184 186 
6 50 71 73 91 126 
10 78 140 
15 20 48 109 132 151 156 178 185 187 
23 32 34 45 63 96 97 169 173 177 
25 47 62 66 101 115 128 150 154 
28 39 100 112 117 
6
1 2 3 4 5 6 7 8 9 11 12 13 14 16 17 18 19 21 22 24 26 27 29 30 31 33 35 36 37 38 40 41 42 43 44 46 49 50 51 52 53 54 55 56 57 58 59 60 61 64 65 67 68 69 70 71 72 73 74 75 76 77 79 80 81 82 83 84 85 86 87 88 89 90 91 92 93 94 95 98 99 102 103 104 105 106 107 108 110 111 113 114 116 118 119 120 121 122 123 124 125 126 127 129 130 131 133 134 135 136 137 138 139 141 142 143 144 145 146 147 148 149 152 153 155 157 158 159 160 161 162 163 164 165 167 168 170 171 172 174 175 176 179 180 181 182 183 184 186 
10 78 140 
15 20 48 109 132 151 156 178 185 187 
23 32 34 45 63 96 97 166 169 173 177 
25 47 62 66 101 115 128 150 154 
28 39 100 112 117 
7
1 2 6 9 12 14 16 17 19 22 24 26 30 31 33 36 38 41 42 46 49 50 51 52 53 54 57 59 60 61 64 69 70 71 73 74 75 77 79 86 87 91 92 93 94 99 103 104 105 110 111 114 116 119 120 121 122 123 124 125 126 135 136 139 143 144 145 146 147 149 152 155 157 158 159 161 163 167 168 171 172 176 179 182 183 
3 4 5 7 8 11 13 18 21 27 29 35 37 40 43 44 55 56 58 65 67 68 72 76 80 81 82 83 84 85 88 89 90 95 98 102 106 107 108 113 118 127 129 130 131 133 134 137 138 141 142 148 153 160 162 164 165 170 174 175 180 181 184 186 
10 78 140 
15 20 48 109 132 151 156 178 185 187 
23 32 34 45 63 96 97 166 169 173 177 
25 47 62 66 101 115 128 150 154 
28 39 100 112 117 
7
1 2 3 4 5 6 7 8 11 12 13 18 21 27 29 30 31 35 37 40 41 43 44 51 52 53 55 56 58 59 61 65 67 68 71 72 73 76 80 81 82 83 84 85 88 89 90 91 95 98 102 105 106 107 108 111 113 114 118 123 126 127 129 130 131 133 134 137 138 141 142 145 148 153 159 160 162 164 165 168 170 171 174 175 180 181 184 186 
9 14 26 33 36 38 42 46 49 50 54 57 60 64 70 74 75 77 86 87 93 94 99 104 110 116 120 121 122 125 136 139 143 149 155 157 167 176 179 182 183 
10 78 140 
15 20 48 109 132 151 156 178 185 187 
16 17 19 22 24 25 47 62 66 69 79 92 101 103 115 119 124 128 135 144 146 147 150 152 154 158 161 163 172 
23 32 34 45 63 96 97 166 169 173 177 
28 39 100 112 117 
7
1 2 3 4 5 6 7 8 11 12 13 18 21 27 29 30 31 35 37 40 41 43 44 51 52 53 55 56 58 59 61 65 67 68 71 72 73 76 80 81 82 83 84 85 86 88 89 90 91 95 98 102 104 105 106 107 108 111 113 114 118 120 123 126 127 128 129 130 131 133 134 137 138 141 142 145 148 153 159 160 162 164 165 168 170 171 174 175 180 181 184 186 
9 14 26 33 36 38 42 46 50 54 57 60 64 70 74 75 77 87 93 94 99 110 116 121 122 125 136 139 143 149 155 157 167 176 179 182 183 
10 78 140 
15 20 48 109 132 151 156 178 185 187 
16 17 19 22 24 25 47 49 62 66 69 79 92 101 103 115 119 124 135 144 146 147 150 152 154 158 161 163 172 
23 32 34 45 63 96 97 166 169 173 177 
28 39 100 112 117 
6
1 2 3 4 5 6 7 8 11 12 13 18 21 23 27 29 30 31 32 34 35 37 40 41 43 44 45 51 52 53 56 58 59 61 63 65 67 68 71 72 73 76 80 81 83 84 85 86 88 89 90 91 95 96 97 98 104 105 106 107 108 111 113 114 118 120 123 126 127 128 129 130 131 133 134 137 138 141 142 145 148 153 159 160 162 164 165 166 168 169 170 171 173 174 175 177 180 181 184 186 
9 14 26 33 36 38 42 46 50 54 55 57 60 64 70 74 75 77 87 93 94 99 110 116 121 122 125 136 139 143 149 155 157 167 176 179 182 183 
10 78 140 
15 20 48 109 132 151 156 178 185 187 
16 17 19 22 24 25 47 49 62 66 69 79 82 92 101 102 103 115 119 124 135 144 146 147 150 152 154 158 161 163 172 
28 39 100 112 117 
7
1 2 3 4 5 6 7 8 11 13 21 23 27 29 30 32 33 34 40 41 43 44 45 51 52 53 56 58 59 61 63 67 71 72 73 76 80 81 83 84 85 86 88 89 91 94 95 96 97 98 105 108 111 114 118 120 123 126 127 128 130 131 137 138 141 142 145 148 153 157 159 160 162 164 165 166 167 169 170 171 173 174 175 177 180 181 184 186 
9 26 35 36 38 49 54 60 64 65 68 70 74 75 77 87 93 103 110 113 116 121 122 125 129 134 139 143 149 155 179 182 
10 78 140 
12 14 16 17 19 22 24 25 31 42 46 47 50 55 57 62 66 69 79 82 92 99 101 102 115 119 124 135 136 144 146 147 150 152 154 158 161 163 168 172 176 183 
15 20 48 104 109 132 151 156 178 185 187 
18 37 90 106 107 133 
28 39 100 112 117 
7
1 2 3 4 5 6 7 8 11 13 21 23 27 29 30 32 33 34 40 41 43 45 51 52 53 56 58 59 61 63 67 71 72 73 76 81 83 84 85 86 88 89 91 94 95 96 97 98 105 108 111 114 118 120 123 126 127 128 130 131 137 138 141 142 145 148 153 157 159 160 162 164 165 166 167 169 170 171 173 174 175 177 180 181 184 186 
9 26 35 36 38 44 49 54 60 64 65 68 70 74 75 77 80 87 93 103 110 113 116 121 122 125 129 134 139 143 149 155 179 182 
10 78 140 
12 14 16 17 19 22 24 25 31 42 46 47 50 55 57 62 66 69 79 82 92 99 101 102 115 119 124 135 136 144 146 147 150 152 154 158 161 163 168 172 176 183 
15 20 48 104 109 132 151 156 178 185 187 
18 37 90 106 107 133 
28 39 100 112 117 
7
1 2 3 4 5 6 7 8 11 12 13 14 17 19 21 23 24 27 29 30 31 32 33 34 40 41 42 43 45 46 50 51 52 53 55 56 57 58 59 61 63 67 71 72 73 76 79 81 82 83 84 85 86 88 89 91 92 94 95 96 97 98 99 105 108 111 114 118 119 120 123 124 126 127 128 130 131 136 137 138 141 142 145 146 147 148 152 153 157 159 160 161 162 164 165 166 168 169 170 171 172 174 175 176 177 180 181 183 184 186 
9 16 22 25 26 35 36 38 44 47 49 54 60 62 64 65 66 68 69 70 74 75 77 80 87 93 101 102 103 110 113 115 116 121 122 125 129 134 135 139 143 144 149 150 154 155 158 163 179 182 
10 78 140 
15 20 48 104 109 132 151 156 178 185 187 
18 37 90 106 107 133 
28 39 100 112 117 
167 173 
6
1 2 3 4 5 6 7 8 9 11 12 13 14 16 17 19 21 22 23 24 25 26 27 29 30 31 32 33 34 35 36 38 40 41 42 43 44 45 46 47 49 50 51 52 53 54 55 56 57 58 59 60 61 62 63 64 65 66 67 68 69 70 71 72 73 74 75 76 77 79 80 81 83 84 85 86 87 88 89 91 92 93 94 95 96 97 98 99 101 102 103 105 108 110 111 113 114 115 116 118 119 120 121 122 123 124 125 126 127 128 129 130 131 134 135 136 137 138 139 141 142 143 144 145 146 147 148 149 150 152 153 154 155 157 158 159 160 161 162 163 164 165 166 168 169 170 171 174 175 176 177 179 180 181 182 183 184 186 
10 78 140 
15 20 48 104 109 132 151 156 172 178 185 187 
18 37 82 90 106 107 133 
28 39 100 112 117 
167 173 
6
1 2 3 4 5 6 7 8 9 11 12 13 14 16 17 19 21 22 23 24 25 26 27 29 30 31 32 33 34 35 36 38 40 41 42 43 44 45 46 47 49 50 51 52 53 54 55 56 57 58 59 60 61 62 63 64 65 66 67 68 69 70 71 72 73 74 75 76 77 79 80 81 83 84 85 86 87 88 89 91 92 93 94 95 96 97 98 99 101 102 103 105 108 110 111 113 114 115 116 118 119 120 121 122 123 124 125 126 127 128 129 130 131 134 135 136 137 138 139 141 142 143 144 145 146 147 148 149 150 152 153 154 155 157 158 159 160 161 162 163 164 165 166 168 169 170 171 174 175 176 177 179 180 181 182 184 186 
10 78 140 
15 20 48 104 109 132 151 156 172 178 185 187 
18 37 82 90 106 107 133 183 
28 39 100 112 117 
167 173 
6
1 2 3 4 5 6 7 8 9 11 12 13 14 16 17 19 21 22 23 24 25 26 27 29 30 31 32 33 34 35 36 38 40 41 42 43 44 45 46 47 49 50 51 52 53 54 55 56 57 58 59 60 61 62 63 64 65 66 67 68 69 70 71 72 73 74 75 76 77 79 80 81 83 84 85 86 87 88 89 91 92 93 94 95 96 97 98 99 101 102 103 105 108 110 111 113 114 115 116 118 119 120 121 122 123 124 125 126 127 128 129 130 131 134 135 136 137 138 139 141 142 143 144 145 146 147 148 149 150 152 153 154 155 157 158 159 160 161 162 163 164 165 166 168 169 170 171 174 175 176 177 179 180 181 182 184 186 
10 78 140 
15 20 48 104 109 132 151 156 172 178 185 187 
18 37 82 90 106 107 133 183 
28 39 100 112 117 
167 173 
6
1 2 3 4 5 6 7 8 9 11 12 13 14 16 17 19 21 22 23 25 26 27 29 30 31 32 33 34 35 36 38 40 41 42 43 44 45 46 47 49 50 51 52 53 54 55 56 57 58 59 60 61 62 63 64 65 66 67 68 69 70 71 72 73 74 75 76 77 79 80 81 83 84 85 86 87 88 89 91 92 93 94 95 96 97 98 99 101 102 103 105 108 110 111 113 114 115 116 118 119 120 121 122 123 124 125 126 127 128 129 130 131 134 135 136 137 138 139 141 142 143 144 145 147 148 149 150 153 154 155 157 158 159 160 161 162 163 164 165 166 168 169 170 171 174 175 176 177 179 180 181 182 184 186 
10 78 140 
15 20 48 104 109 132 151 156 172 178 185 187 
18 24 37 82 90 106 107 133 146 152 183 
28 39 100 112 117 
167 173 
6
1 2 3 4 5 6 7 8 9 11 12 13 14 16 17 19 21 22 23 25 26 27 29 30 31 32 33 34 35 36 38 40 41 42 43 44 45 46 47 49 50 51 52 53 54 55 56 57 58 59 60 61 62 63 64 65 66 67 68 69 70 71 72 73 74 75 76 77 79 80 81 83 84 85 86 87 88 89 91 92 93 94 95 96 97 98 99 101 102 103 105 108 110 111 113 114 115 116 118 119 120 121 122 123 124 125 126 127 128 129 130 131 134 135 136 138 139 141 142 143 144 145 147 148 149 150 153 154 155 157 158 159 160 161 162 163 164 165 166 168 169 170 171 174 175 176 177 179 180 181 182 184 186 
10 78 140 
15 20 48 104 109 132 151 156 172 178 185 187 
18 24 37 82 90 106 107 133 146 152 183 
28 39 100 112 117 137 
167 173 
5
1 3 4 5 6 7 8 9 11 12 13 14 16 17 18 19 21 22 23 24 25 26 27 29 30 31 32 33 35 36 37 38 40 41 42 43 44 46 49 50 51 52 53 54 55 56 57 58 59 60 61 62 63 64 65 66 67 68 69 70 71 72 73 74 75 76 77 79 80 81 82 83 84 85 86 87 88 89 90 91 92 93 94 95 96 97 98 99 102 103 105 106 107 108 110 113 115 116 118 119 120 121 122 123 124 125 126 127 128 129 130 131 133 134 135 136 138 141 142 143 144 145 146 147 148 149 150 152 153 154 155 157 158 159 160 161 162 163 164 165 166 168 169 170 174 175 176 177 179 180 181 183 184 186 
2 111 114 139 167 171 173 
10 78 140 
15 20 34 45 47 48 101 104 109 132 151 156 172 178 182 185 187 
28 39 100 112 117 137 
5
1 3 8 11 15 17 20 23 30 32 34 44 45 47 48 49 52 75 79 88 92 96 97 101 103 104 109 119 124 132 151 156 159 161 170 172 177 178 182 185 187 
2 72 111 114 139 167 171 173 
4 5 6 7 9 12 13 14 16 18 19 21 22 24 25 26 27 29 31 33 35 36 37 38 40 41 42 43 46 50 51 53 54 55 56 57 58 59 60 61 62 63 64 65 66 67 68 69 70 71 73 74 76 77 80 81 82 83 84 85 86 87 89 90 91 93 94 95 98 99 102 105 106 107 108 110 113 115 116 118 120 121 122 123 125 126 127 128 129 130 131 133 134 135 136 138 141 142 143 144 145 146 147 148 149 150 152 153 154 155 157 158 160 162 163 164 165 166 168 169 174 175 176 179 180 181 183 184 186 
10 78 140 
28 39 100 112 117 137 
6
1 3 5 8 11 15 17 20 23 30 32 34 44 45 47 48 49 52 75 79 88 92 96 97 101 103 104 109 119 124 132 151 156 159 161 170 172 177 178 182 185 187 
2 72 111 114 139 167 171 173 
4 6 7 9 12 13 14 16 18 19 21 22 24 25 26 27 29 31 33 35 36 37 38 40 42 43 46 50 51 53 54 55 56 57 58 59 60 61 62 63 64 65 66 67 68 69 70 71 73 74 76 77 80 81 82 83 84 85 86 87 89 90 91 93 94 95 98 99 102 105 106 107 108 110 113 115 116 118 120 122 123 125 126 127 128 129 130 131 133 134 135 136 138 141 142 143 144 145 146 147 148 149 150 152 153 154 155 157 158 160 162 163 164 165 166 168 169 174 175 176 179 180 181 183 184 186 
10 78 140 
28 39 100 112 117 137 
41 121 
6
1 3 5 8 11 15 17 20 23 30 32 34 44 45 47 48 49 52 75 79 88 92 96 97 101 103 104 109 119 124 132 151 156 159 161 170 172 177 178 182 185 187 
2 72 111 114 139 167 171 173 
4 6 7 9 12 13 14 16 18 19 21 22 24 25 26 27 29 31 33 35 36 37 38 40 42 43 46 50 51 53 54 55 56 57 58 59 60 61 62 63 64 65 66 67 68 69 70 71 73 74 76 77 80 81 82 83 84 85 86 87 89 90 91 93 94 95 98 99 102 105 106 107 108 110 113 115 116 118 120 122 123 125 126 127 128 129 130 131 133 134 135 136 138 141 142 143 144 145 146 147 148 149 150 152 153 154 155 157 158 160 162 163 164 165 166 168 169 174 175 176 179 180 181 183 184 186 
10 78 140 
28 39 100 112 117 137 
41 121 
7
1 3 8 11 15 20 30 32 33 34 44 45 47 48 52 74 77 79 88 94 97 101 104 109 119 132 151 156 157 159 162 170 172 178 179 182 185 187 
2 72 111 114 139 167 171 173 
4 5 6 7 9 12 13 14 16 17 19 21 22 23 24 25 26 27 29 31 35 36 37 38 40 42 43 46 49 50 51 53 54 55 56 57 58 59 60 61 62 63 64 65 66 67 68 69 70 71 73 75 76 80 81 82 83 84 85 86 87 89 91 92 93 95 96 98 99 102 103 105 107 108 110 113 115 116 118 120 122 123 124 125 126 127 128 129 130 131 134 135 136 138 141 142 143 144 145 146 147 148 149 150 153 154 155 158 160 161 163 164 165 166 168 169 174 175 176 177 180 181 184 186 
10 78 140 
18 90 106 133 152 183 
28 39 100 112 117 137 
41 121 
7
1 3 8 11 13 15 20 30 32 33 34 44 45 47 48 52 74 77 79 88 94 97 101 104 109 119 132 137 144 151 156 157 159 162 170 172 178 179 182 185 187 
2 72 111 114 139 167 171 173 
4 5 6 7 9 12 14 16 17 19 21 22 23 24 25 26 27 29 31 35 36 37 38 40 42 43 46 49 50 51 53 54 55 56 57 58 59 60 61 62 63 64 65 66 67 68 69 70 71 73 75 76 80 81 82 83 84 85 86 87 89 91 92 93 95 96 98 99 102 103 105 107 108 110 113 115 116 118 120 122 123 124 125 126 127 128 129 130 131 134 135 136 138 141 142 143 145 146 147 148 149 150 153 154 155 158 160 161 163 164 165 166 168 169 174 175 176 177 180 181 184 186 
10 78 140 
18 90 106 133 152 183 
28 39 100 112 117 
41 121 
6
1 3 8 11 13 15 20 30 32 33 34 44 45 47 48 52 74 77 79 88 94 97 101 104 109 115 119 132 137 144 151 156 157 159 162 170 172 178 179 182 185 187 
2 72 111 114 139 167 171 173 
4 5 6 7 9 12 14 16 17 19 21 22 23 24 25 26 27 28 29 31 35 36 37 38 39 40 42 43 46 49 50 51 53 54 55 56 57 58 59 60 61 62 63 64 65 66 67 68 69 70 71 73 75 76 80 81 82 83 84 85 86 87 89 91 92 93 95 96 98 99 100 102 103 105 107 108 110 112 113 116 117 118 120 122 123 124 125 126 127 128 129 130 131 134 135 136 138 141 142 143 145 146 147 148 149 150 153 154 155 158 160 161 163 164 165 166 168 169 174 175 176 177 180 181 184 186 
10 78 140 
18 90 106 133 152 183 
41 121 
6
1 3 8 11 13 15 20 30 32 33 34 44 45 47 48 52 74 77 79 88 94 97 101 104 109 115 119 132 137 144 151 156 157 159 162 170 172 178 179 182 185 187 
2 4 5 6 7 9 12 14 16 17 19 21 22 23 24 25 26 27 29 31 35 36 37 38 40 42 43 46 49 50 51 53 54 55 56 57 58 59 60 61 62 63 64 65 66 67 68 69 70 71 72 73 75 76 81 82 83 84 85 86 87 89 91 92 93 95 96 98 102 103 105 107 108 110 111 113 114 116 118 120 122 123 124 125 126 127 128 129 131 134 135 138 139 141 142 143 145 146 147 148 149 150 153 154 155 158 160 161 163 164 165 166 167 168 169 171 173 174 175 177 180 181 184 186 
10 78 140 
18 90 106 133 152 183 
28 39 80 99 100 112 117 130 136 176 
41 121 
8
1 3 8 11 13 15 20 30 33 34 44 45 47 48 52 74 77 79 88 94 97 101 104 109 115 119 132 137 144 151 156 157 159 162 170 172 178 179 182 185 187 
2 4 5 6 7 9 12 16 17 19 21 24 25 26 27 29 31 32 35 36 37 38 40 42 43 49 50 53 54 55 56 57 58 59 60 61 62 63 64 65 66 67 68 69 70 71 73 75 76 82 84 85 86 87 91 92 93 95 98 102 103 105 107 108 111 113 114 116 118 120 122 123 124 125 126 127 128 129 131 134 138 139 141 142 143 145 146 147 148 149 150 153 154 155 158 160 161 164 165 166 168 169 171 174 175 177 180 181 184 186 
10 78 110 140 
14 22 23 46 51 81 83 89 96 135 163 
18 90 106 133 152 183 
28 39 80 99 100 112 117 130 136 176 
41 121 
72 167 173 
8
1 3 8 11 13 15 20 30 33 34 44 45 47 48 52 74 76 77 79 88 94 97 101 104 109 115 119 132 137 141 144 151 156 157 159 162 170 172 178 179 182 185 187 
2 4 6 7 9 12 16 19 21 24 25 26 27 29 31 32 35 36 37 38 40 42 43 49 50 53 54 55 56 57 58 59 60 61 62 63 64 65 66 67 68 69 70 71 73 75 82 84 85 86 87 91 92 93 95 98 102 103 105 107 108 111 113 114 116 118 120 122 123 124 125 126 127 129 131 134 138 139 142 143 145 146 147 148 149 150 153 154 155 158 160 161 164 165 166 168 169 171 174 175 177 180 181 184 186 
5 14 17 22 23 46 51 81 83 89 96 135 163 
10 78 110 140 
18 90 106 133 152 183 
28 39 80 99 100 112 117 130 136 176 
41 121 
72 128 167 173 
9
1 3 8 11 13 44 52 72 76 88 119 128 137 144 159 167 170 173 
2 4 6 7 9 12 16 19 21 24 25 26 27 29 31 32 35 36 37 38 40 42 43 50 53 54 55 56 57 59 60 61 62 63 64 65 66 67 68 69 70 71 73 82 84 85 86 87 91 93 98 102 105 107 108 111 113 114 116 120 122 123 125 127 129 131 134 138 139 142 143 146 147 148 149 150 153 154 155 158 160 164 165 166 168 169 171 174 180 181 184 186 
5 14 17 22 23 46 51 81 83 89 96 135 163 
10 58 78 110 140 
15 20 30 33 34 45 48 74 77 94 101 104 109 132 141 151 156 157 162 172 178 179 182 185 187 
18 90 95 106 133 152 175 183 
28 39 80 99 100 112 117 130 136 176 
41 121 
47 49 75 79 92 97 103 115 118 124 126 145 161 177 
8
1 3 8 11 13 44 52 72 76 88 119 128 137 144 159 167 170 173 
2 4 6 7 9 12 16 19 21 24 25 26 27 29 30 31 32 35 36 37 38 40 42 43 47 49 50 53 54 55 57 59 60 61 62 63 64 65 66 67 68 70 71 73 75 79 82 84 85 86 87 91 92 93 97 98 102 103 105 107 108 111 113 114 115 116 118 120 122 123 124 125 126 127 129 131 134 138 139 142 143 145 146 149 150 153 154 155 158 160 161 164 165 166 168 169 171 177 180 181 186 
5 14 17 22 23 46 51 81 83 89 96 135 163 
10 58 78 110 140 
15 20 33 34 45 48 74 77 94 101 104 109 132 141 151 156 157 162 172 178 179 182 185 187 
18 90 95 106 133 152 175 183 
28 39 56 69 80 99 100 112 117 130 136 147 148 174 176 184 
41 121 
8
1 3 8 11 13 44 52 72 76 88 119 128 137 144 159 167 170 173 
2 4 6 7 9 12 16 19 21 24 25 26 27 29 30 31 32 35 36 37 38 40 42 43 47 49 50 53 54 55 57 59 60 61 62 63 64 65 66 67 68 70 71 73 75 79 82 84 85 86 87 91 92 93 97 98 102 103 105 107 108 111 113 114 116 118 120 122 123 124 125 126 127 129 131 134 138 139 142 143 145 146 149 150 153 154 155 158 160 161 164 165 166 168 169 171 177 180 181 186 
5 14 17 22 23 46 51 81 83 89 96 135 163 
10 58 78 110 140 
15 20 33 34 45 48 74 77 94 101 104 109 115 132 141 151 156 157 162 172 178 179 182 185 187 
18 90 95 106 133 152 175 183 
28 39 56 69 80 99 100 112 117 130 136 147 148 174 176 184 
41 121 
8
1 3 8 11 13 44 52 72 76 88 119 128 137 144 159 167 170 173 
2 4 6 7 9 10 12 16 19 21 24 25 26 27 29 30 31 32 35 36 37 38 40 42 43 47 49 50 53 54 55 57 58 59 60 61 62 63 64 65 66 67 68 70 71 73 75 79 82 84 85 86 87 91 92 93 97 98 102 103 105 107 108 110 111 113 114 116 118 120 122 123 124 125 126 127 129 131 134 138 139 140 142 143 145 146 149 150 153 154 155 158 160 161 164 165 166 168 169 171 177 180 181 186 
5 14 17 22 23 46 51 81 83 89 96 135 163 
15 20 33 34 45 48 74 77 94 101 104 109 115 132 141 151 156 157 162 172 178 179 182 185 187 
18 90 95 106 133 152 175 183 
28 39 56 69 80 99 100 112 117 130 136 147 148 174 176 184 
41 121 
78 
8
1 3 8 11 13 15 20 33 34 45 48 52 74 76 77 88 94 101 104 109 115 132 137 141 151 156 157 159 162 170 172 178 179 182 185 187 
2 4 6 7 9 10 12 16 19 21 24 25 26 27 29 30 31 32 35 36 37 38 40 42 43 47 49 50 53 54 55 57 58 59 60 61 62 63 64 65 66 67 68 70 71 73 75 79 82 84 85 86 87 91 92 93 97 98 102 103 105 107 108 110 111 113 114 116 118 120 122 123 124 125 126 127 129 131 134 138 139 140 142 143 145 146 149 150 153 154 155 158 160 161 164 165 166 168 169 171 177 180 181 186 
5 14 17 22 23 46 51 81 83 89 96 135 163 
18 90 95 106 133 152 175 183 
28 39 56 69 80 99 100 112 117 130 136 147 148 174 176 184 
41 121 
44 72 119 128 144 167 173 
78 
8
1 3 8 11 13 15 20 26 32 33 34 42 45 48 52 57 63 74 76 77 82 88 94 98 101 104 109 115 132 137 141 151 155 156 157 159 162 165 168 169 170 172 178 179 180 181 182 185 186 187 
2 4 6 7 9 10 12 16 19 21 24 25 27 29 30 31 35 36 37 38 40 43 47 49 50 53 54 55 58 59 60 61 62 64 65 66 67 68 70 71 73 75 79 84 85 86 87 91 92 93 97 102 103 105 107 108 110 111 113 114 116 118 120 122 123 124 125 126 127 129 131 134 138 139 140 142 143 145 146 149 150 153 154 158 160 161 164 166 171 177 
5 14 17 22 23 46 51 81 83 89 96 135 163 
18 90 95 106 133 152 175 183 
28 39 56 69 80 99 100 112 117 130 136 147 148 174 176 184 
41 121 
44 72 119 128 144 167 173 
78 
7
1 3 8 11 13 15 20 26 32 33 34 42 45 48 52 57 63 74 76 77 82 88 94 98 101 104 109 115 132 137 141 151 155 156 157 159 162 165 168 169 170 172 178 179 180 181 182 185 186 187 
2 4 6 7 9 10 12 16 21 24 25 27 28 29 30 31 35 36 37 38 39 40 43 47 49 50 53 54 55 56 58 60 61 62 64 65 66 67 68 69 70 71 73 75 79 80 84 85 86 87 91 92 93 97 99 100 103 105 107 108 110 111 112 113 114 116 117 118 120 122 123 125 126 127 129 130 131 134 136 138 139 140 142 143 145 146 147 148 149 150 153 154 160 164 166 171 174 176 177 184 
5 14 17 19 22 23 46 51 81 83 89 96 124 135 161 163 
18 90 95 106 133 152 175 183 
41 59 102 121 158 
44 72 119 128 144 167 173 
78 
7
1 2 4 6 7 9 10 12 16 21 24 25 26 27 28 29 30 31 32 33 35 36 37 38 39 40 42 43 47 49 50 52 53 54 55 56 57 58 60 61 62 64 65 66 67 68 69 70 71 73 74 75 77 79 80 82 84 85 86 87 91 92 93 94 97 99 100 101 103 104 107 108 111 112 113 114 116 117 118 120 122 123 125 126 127 129 130 131 134 136 138 139 140 142 143 145 146 147 148 149 150 153 154 157 160 162 164 166 171 174 176 177 179 184 
3 8 11 13 15 20 34 45 48 63 76 88 98 105 109 110 115 132 137 141 151 155 156 159 165 168 169 170 172 178 180 181 182 185 186 187 
5 14 17 19 22 23 46 51 81 83 89 96 124 135 161 163 
18 90 95 106 133 152 175 183 
41 59 102 121 158 
44 72 119 128 144 167 173 
78 
7
1 2 4 6 7 9 10 12 16 21 24 25 26 27 28 29 30 31 32 33 35 36 37 38 39 40 42 43 47 49 50 52 53 54 55 56 57 58 60 61 62 64 65 66 67 68 69 70 71 73 74 75 77 79 80 82 84 85 86 87 91 92 93 94 97 99 100 101 103 104 107 108 111 112 113 114 116 117 118 120 122 123 125 126 127 129 130 131 134 136 138 139 140 142 143 145 146 147 148 149 150 153 154 157 160 162 164 166 171 174 176 177 179 184 
3 8 11 13 15 20 34 45 48 63 76 88 98 105 109 110 115 132 137 141 151 155 156 159 165 168 169 170 172 178 180 181 182 185 186 187 
5 14 17 19 22 23 46 51 81 83 89 96 124 135 161 163 
18 90 95 106 133 152 175 183 
41 59 102 121 158 
44 72 119 128 144 167 173 
78 
7
1 3 8 11 13 15 20 34 45 48 49 52 63 76 88 98 103 105 109 110 115 132 137 141 151 156 159 162 165 168 169 170 172 178 180 181 182 185 186 187 
2 4 6 7 9 10 12 16 21 24 25 26 27 28 29 30 31 32 33 35 36 37 38 39 40 42 43 47 50 53 54 55 56 57 58 60 61 62 64 65 66 67 68 69 70 71 73 74 75 77 79 80 82 84 85 86 87 91 92 93 94 97 99 100 101 104 107 108 111 112 113 114 116 117 118 120 122 123 125 126 127 129 130 131 134 136 138 139 140 142 143 145 146 147 148 149 150 153 154 157 160 164 166 171 174 176 177 179 184 
5 14 17 19 22 23 46 51 81 83 89 96 124 135 161 163 
18 90 95 106 133 152 175 183 
41 59 102 121 158 
44 72 119 128 144 155 167 173 
78 
8
1 3 8 11 13 15 20 34 45 48 49 52 63 76 88 98 103 105 109 110 115 132 137 141 151 156 159 162 165 168 169 170 172 178 180 181 182 185 186 187 
2 4 6 7 9 10 12 16 21 24 25 26 27 28 29 30 31 32 33 35 36 37 38 39 40 42 43 47 50 53 54 55 56 57 58 60 61 62 64 65 66 67 68 69 70 71 73 74 75 77 79 80 82 84 85 86 87 91 92 93 94 97 99 100 101 104 107 108 111 112 113 114 116 117 118 120 122 123 125 126 127 129 130 131 134 136 138 139 140 142 143 145 146 147 148 149 150 153 154 157 160 164 166 174 176 177 179 184 
5 14 17 19 22 23 46 51 81 83 89 96 124 135 161 163 
18 90 95 106 133 152 175 183 
41 59 102 121 158 
44 72 119 128 144 155 167 173 
78 
171 
8
1 2 5 6 10 12 14 16 17 19 21 22 23 24 25 35 36 37 46 49 51 52 58 61 62 65 66 75 80 81 83 84 89 91 92 96 97 99 103 107 116 118 124 126 129 131 134 135 136 138 139 142 145 146 150 154 161 162 163 164 176 177 
3 8 11 13 15 20 27 34 38 45 47 48 50 55 63 71 76 79 85 86 87 88 93 98 105 109 110 114 115 122 125 132 137 141 149 151 156 159 165 166 168 169 170 172 178 180 181 182 185 186 187 
4 7 9 26 28 29 30 31 32 33 39 40 42 43 53 54 56 57 60 64 67 68 69 70 73 74 77 82 94 100 101 104 108 111 112 113 117 120 123 127 130 140 143 147 148 153 157 160 174 179 184 
18 90 95 106 133 152 175 183 
41 59 102 121 158 
44 72 119 128 144 155 167 173 
78 
171 
8
1 2 6 10 12 14 16 17 19 21 22 23 24 25 35 36 37 46 49 51 52 58 61 62 65 66 75 80 81 83 84 89 91 92 96 97 99 103 107 116 118 124 126 129 131 134 135 136 138 139 142 145 146 150 154 161 162 163 164 176 177 
3 8 11 13 15 20 27 34 38 45 47 48 50 55 63 71 76 79 85 86 87 88 93 98 105 109 110 114 115 122 125 132 137 141 149 151 156 159 165 166 168 169 170 172 178 180 181 182 185 186 187 
4 5 7 9 26 28 29 30 31 32 33 39 40 42 43 53 54 56 57 60 64 67 68 69 70 73 74 77 82 94 100 101 104 108 111 112 113 117 120 123 127 130 140 143 147 148 153 157 160 174 179 184 
18 90 95 106 133 152 175 183 
41 59 102 121 158 
44 72 119 128 144 155 167 173 
78 
171 
8
1 2 6 10 12 14 16 17 19 21 22 23 24 25 35 36 37 46 49 51 52 58 61 62 65 66 75 80 81 83 84 89 91 92 96 97 99 103 107 116 118 124 126 129 131 134 135 136 138 139 145 146 150 154 161 162 163 164 176 177 
3 8 11 13 15 20 27 34 38 45 47 48 50 55 63 71 76 79 85 86 87 88 93 98 105 109 110 114 115 122 125 132 137 141 149 151 156 159 165 166 168 169 170 172 178 180 181 182 185 186 187 
4 5 7 9 26 28 29 30 31 32 33 39 40 42 43 53 54 56 57 60 64 67 68 69 70 73 74 77 82 94 100 101 104 108 111 112 113 117 120 123 127 130 140 143 147 148 153 157 160 174 179 184 
18 90 95 106 133 142 152 175 183 
41 59 102 121 158 
44 72 119 128 144 155 167 173 
78 
171 
8
1 2 6 10 12 14 16 17 19 21 22 23 24 25 35 36 37 46 49 51 52 58 61 62 65 66 75 80 81 83 84 89 91 92 96 97 99 103 107 116 118 124 126 129 131 134 136 138 139 145 146 150 154 161 162 163 164 176 177 
3 8 11 13 15 20 27 34 38 45 47 48 50 55 63 71 76 79 85 86 87 88 93 98 105 109 110 114 115 122 125 132 137 141 149 151 156 159 165 166 168 169 170 172 178 180 181 182 185 186 187 
4 5 7 9 26 28 29 30 31 32 33 39 40 42 43 53 54 56 57 60 64 67 68 69 70 73 74 77 82 94 100 101 104 108 111 112 113 117 120 123 127 130 135 140 143 147 148 153 157 160 174 179 184 
18 90 95 106 133 142 152 175 183 
41 59 102 121 158 
44 72 119 128 144 155 167 173 
78 
171 
8
1 2 6 10 12 14 16 17 19 21 22 23 24 25 35 36 37 46 49 51 52 58 61 62 65 66 75 80 81 83 84 89 91 92 96 97 99 103 107 111 116 118 124 126 129 131 134 136 138 139 145 146 150 154 161 162 163 164 176 177 
3 8 11 13 15 20 27 34 38 45 47 48 50 55 63 71 76 79 85 86 87 88 93 98 105 109 110 114 115 122 125 132 137 141 149 151 156 159 165 166 168 169 170 172 178 180 181 182 185 186 187 
4 5 7 9 26 28 29 30 31 32 33 39 40 42 43 53 54 56 57 60 64 67 68 69 70 73 74 77 82 94 100 101 104 108 112 113 117 120 123 127 130 135 140 143 147 148 153 157 160 174 179 184 
18 90 95 106 133 142 152 175 183 
41 59 102 121 158 
44 72 119 128 144 155 167 173 
78 
171 
8
1 2 6 10 12 14 16 17 19 21 22 23 24 25 35 36 37 46 49 51 52 58 61 62 65 66 75 81 83 84 89 91 92 96 97 103 107 111 116 118 124 126 129 131 134 136 138 139 145 146 150 154 161 162 163 164 177 
3 8 11 13 15 20 27 34 38 45 47 48 50 55 63 71 76 79 85 86 87 88 93 98 105 109 110 114 115 122 125 132 137 141 149 151 156 159 165 166 168 169 170 172 178 180 181 182 185 186 187 
4 5 7 9 26 28 29 30 31 32 33 39 40 42 43 53 54 56 57 60 64 67 68 69 70 73 74 77 82 94 100 101 104 108 112 113 117 120 123 127 130 135 140 143 147 148 153 157 160 174 179 184 
18 80 90 95 99 106 133 142 152 175 176 183 
41 59 102 121 158 
44 72 119 128 144 155 167 173 
78 
171 
8
1 2 6 10 12 14 16 19 21 22 23 24 25 35 36 37 49 51 52 58 61 62 65 66 75 81 83 84 89 91 92 96 97 103 107 111 116 118 124 126 129 131 134 136 138 139 145 146 150 154 161 162 163 164 177 
3 8 11 13 15 20 27 34 38 45 46 47 48 50 63 71 76 79 85 86 87 88 93 98 105 109 110 115 122 125 132 137 141 149 151 156 159 165 168 169 170 172 178 180 181 185 186 187 
4 5 7 9 17 26 28 29 30 31 32 33 39 40 42 43 53 54 55 56 57 60 64 67 68 69 70 73 74 77 82 94 100 101 104 108 112 113 114 117 120 123 127 130 135 140 143 147 148 153 157 160 166 174 179 182 184 
18 80 90 95 99 106 133 142 152 175 176 183 
41 59 102 121 158 
44 72 119 128 144 155 167 173 
78 
171 
8
1 2 6 10 12 14 16 19 21 22 24 25 35 36 37 49 51 52 58 61 62 65 66 75 81 83 84 89 91 92 96 97 103 107 111 116 118 124 126 129 131 134 136 138 139 145 146 150 154 161 162 163 164 177 
3 8 11 13 15 20 23 27 34 38 45 46 47 48 50 63 71 76 79 85 86 87 88 93 94 98 105 109 110 115 122 125 132 137 141 149 151 156 159 165 168 169 170 172 178 180 181 185 186 187 
4 5 7 9 17 26 28 29 30 31 32 33 39 40 42 43 53 54 55 56 57 60 64 67 68 69 70 73 74 77 82 100 101 104 108 112 113 114 117 120 123 127 130 135 140 143 147 148 153 157 160 166 174 179 182 184 
18 80 90 95 99 106 133 142 152 175 176 183 
41 59 102 121 158 
44 72 119 128 144 155 167 173 
78 
171 
8
1 2 6 10 12 14 16 19 21 22 24 25 35 36 37 49 51 52 58 61 62 65 66 75 81 83 84 89 91 92 96 97 103 107 111 116 118 124 126 129 131 134 136 138 139 145 146 150 154 161 162 163 164 177 
3 8 11 13 15 20 23 27 34 38 45 46 47 48 50 63 71 76 79 85 86 87 88 93 94 98 105 109 110 115 122 125 132 137 141 149 151 156 159 165 168 169 170 172 178 180 181 185 186 187 
4 5 7 9 17 26 28 29 30 31 32 33 39 40 42 43 53 54 55 56 57 60 64 67 68 69 70 73 74 77 82 100 101 104 108 112 113 114 117 120 123 127 130 135 140 143 147 148 153 157 160 166 174 179 182 184 
18 80 90 95 99 106 133 142 152 175 176 183 
41 59 102 121 158 
44 72 119 128 144 155 167 173 
78 
171 
8
1 2 6 10 14 16 19 21 22 24 25 35 36 37 49 51 52 58 61 62 65 66 75 81 83 84 89 92 96 97 103 107 111 116 118 124 126 129 134 136 138 139 145 146 150 154 161 162 163 164 177 
3 8 11 13 15 20 23 27 34 38 45 46 47 48 63 71 76 79 85 86 87 88 93 94 98 105 109 110 115 122 125 132 137 141 149 151 156 159 165 168 169 170 172 178 180 181 185 186 187 
4 5 7 9 17 26 28 29 30 31 32 33 39 40 42 43 50 53 54 55 56 57 60 64 67 68 69 70 73 74 77 82 100 101 104 108 112 113 114 117 120 123 127 130 135 140 143 147 148 153 157 160 166 174 179 182 184 
12 18 80 90 91 95 99 106 131 133 142 152 175 176 183 
41 59 102 121 158 
44 72 119 128 144 155 167 173 
78 
171 
8
1 2 6 10 14 16 19 21 22 24 25 36 37 49 51 52 58 61 62 65 66 81 84 89 92 96 97 103 107 116 118 124 126 136 138 139 145 146 150 154 161 162 163 164 177 
3 8 11 13 15 20 23 27 34 38 45 46 47 48 63 71 76 79 85 86 87 88 93 94 98 105 109 110 115 122 125 132 137 141 149 151 156 159 165 168 169 170 172 178 180 181 185 186 187 
4 5 7 9 17 26 28 29 30 31 32 33 39 40 42 43 50 53 54 55 56 57 60 64 67 68 69 70 73 74 75 77 82 100 101 104 108 111 112 113 114 117 120 123 127 130 135 140 143 147 148 153 157 160 166 174 179 182 184 
12 18 80 90 91 95 99 106 131 133 142 152 175 176 183 
35 41 59 83 102 121 129 134 158 
44 72 119 128 144 155 167 173 
78 
171 
6
1 2 4 5 6 7 9 10 14 16 17 19 21 22 24 25 26 28 29 30 31 32 33 35 36 37 39 40 41 42 43 49 50 51 52 53 54 55 56 57 58 59 60 61 62 64 65 66 67 68 69 70 73 74 75 77 81 82 83 84 89 92 96 97 100 101 102 103 104 107 108 111 112 113 114 116 117 118 120 121 123 124 126 127 129 130 134 135 136 138 139 140 143 145 146 147 148 150 153 154 157 158 160 161 162 163 164 166 174 177 179 182 184 
3 8 11 13 15 20 23 27 34 38 45 46 47 48 63 71 76 79 85 86 87 88 93 94 98 105 109 110 115 122 125 132 137 141 149 151 156 159 165 168 169 170 172 178 180 181 185 186 187 
12 18 80 90 91 95 99 106 131 133 142 152 175 176 183 
44 72 119 128 144 155 167 173 
78 
171 
6
1 2 4 5 6 7 9 10 14 16 17 19 21 22 24 25 26 28 29 31 32 33 35 36 37 39 40 41 42 43 49 51 52 53 54 55 56 57 58 59 60 61 62 64 65 66 67 68 69 70 73 74 75 81 82 83 84 89 92 96 97 100 101 102 103 104 107 108 111 112 113 114 116 117 118 120 121 123 124 126 127 129 130 134 135 136 138 139 143 145 146 147 148 150 153 154 158 160 161 162 163 164 166 174 177 179 182 184 
3 8 11 13 15 20 23 27 30 34 38 45 46 47 48 50 63 71 76 77 79 85 86 87 88 93 94 98 105 109 115 122 125 132 137 140 141 149 151 156 157 159 165 168 169 170 172 178 180 181 185 186 187 
12 18 80 90 91 95 99 106 131 133 142 152 175 176 183 
44 72 110 119 128 144 155 167 173 
78 
171 
6
1 2 4 5 6 7 9 10 14 16 17 19 21 22 24 25 26 28 29 31 32 33 35 36 37 39 40 41 42 43 49 51 52 53 54 55 56 57 58 59 60 61 62 64 65 66 67 68 69 70 73 74 75 81 82 83 84 89 92 96 97 100 101 102 103 104 107 108 111 112 113 114 116 117 118 120 121 123 124 126 127 129 130 134 135 136 138 139 143 145 146 147 148 150 153 154 158 160 161 162 163 164 166 174 177 179 182 184 
3 8 11 13 15 20 23 34 45 46 48 63 76 88 94 98 105 109 115 132 137 141 151 156 159 165 168 169 170 172 178 181 185 186 187 
12 18 80 90 91 95 99 106 131 133 142 152 175 176 183 
27 30 38 47 50 71 77 79 85 86 87 93 122 125 140 149 157 171 180 
44 72 110 119 128 144 155 167 173 
78 
6
1 2 4 5 6 7 9 10 14 16 17 19 21 22 24 25 26 28 29 31 32 33 35 36 37 39 40 41 42 43 49 51 52 53 54 55 56 57 58 59 60 61 62 64 65 66 67 68 69 70 73 74 75 81 82 83 84 89 92 96 97 100 101 102 103 104 107 108 111 112 113 114 116 117 118 120 121 123 124 126 127 129 130 134 135 136 138 139 143 145 146 147 148 150 153 154 158 160 161 162 163 164 166 174 177 179 182 184 
3 8 11 13 15 20 23 34 45 46 48 63 76 88 94 98 105 109 115 132 137 141 151 156 159 165 168 169 170 172 178 181 185 186 187 
12 18 80 90 91 95 99 106 131 133 142 152 175 176 183 
27 30 38 47 50 71 77 79 85 86 87 93 122 125 140 149 157 171 180 
44 72 110 119 128 144 155 167 173 
78 
6
1 2 4 5 6 7 9 10 14 16 17 19 21 22 24 25 26 28 29 30 31 32 33 35 36 37 39 40 41 42 43 49 50 51 52 53 54 55 56 57 58 59 60 61 62 64 65 66 68 69 70 73 74 75 77 81 82 83 84 89 92 93 96 97 100 101 102 103 104 107 108 111 112 113 114 116 117 118 120 121 123 124 125 126 127 129 130 134 135 136 138 139 140 143 145 146 147 148 149 150 153 154 157 158 160 161 162 163 164 166 174 177 179 182 184 
3 8 11 13 15 20 23 34 45 46 48 63 76 88 94 98 105 109 115 132 137 141 151 156 159 165 168 169 170 172 178 181 185 186 187 
12 18 67 80 90 91 95 99 106 131 133 142 152 175 176 183 
27 38 47 71 79 85 86 87 122 171 180 
44 72 110 119 128 144 155 167 173 
78 
6
1 2 4 5 6 7 9 10 14 16 17 19 21 22 24 25 26 28 29 30 31 32 33 35 36 37 39 40 41 42 43 49 50 51 52 53 54 55 56 57 58 59 60 61 62 64 65 66 68 69 70 73 74 75 77 81 82 83 84 89 92 93 96 97 100 101 102 103 104 107 108 111 112 113 114 116 117 118 120 121 123 124 125 126 127 129 130 134 135 136 138 139 140 143 145 146 147 148 149 150 153 154 157 158 160 161 162 163 164 166 174 177 179 182 184 
3 8 11 13 15 20 23 34 45 46 48 63 76 88 94 98 105 109 115 132 137 141 151 156 159 165 168 169 170 172 178 181 185 186 187 
12 18 67 80 90 91 95 99 106 131 133 142 152 175 176 183 
27 38 47 71 79 85 86 87 122 171 180 
44 72 110 119 128 144 155 167 173 
78 
8
1 30 49 50 52 77 93 125 140 149 157 162 
2 4 5 6 7 9 10 14 16 17 19 21 22 24 25 26 28 29 31 32 33 35 36 37 39 40 42 43 51 53 54 55 56 57 58 60 61 62 64 65 66 68 69 70 73 74 75 81 82 83 84 89 92 96 97 100 101 103 104 107 108 111 112 113 114 116 117 118 120 123 124 126 127 129 130 134 135 136 138 139 143 145 146 147 148 150 153 154 160 161 163 164 166 174 177 179 182 184 
3 8 11 13 15 20 23 34 45 46 48 63 76 88 94 98 105 109 115 132 137 141 151 156 159 165 168 169 170 172 178 181 185 186 187 
12 18 67 80 90 91 95 99 106 131 133 142 152 175 176 183 
27 38 47 71 79 85 86 87 122 171 180 
41 59 102 121 158 
44 72 110 119 128 144 155 167 173 
78 
8
1 30 49 50 52 77 93 125 140 149 157 162 
2 4 5 6 7 9 10 14 15 16 17 19 21 22 24 25 26 28 29 31 32 33 35 36 37 39 40 42 43 48 51 53 54 55 56 57 58 60 61 62 63 64 65 66 68 69 70 73 74 75 81 82 83 84 89 92 96 97 100 101 103 104 107 108 111 112 113 114 116 117 118 120 123 124 126 127 129 130 134 135 136 138 139 143 145 146 147 148 150 153 154 160 161 163 164 166 174 177 179 182 184 
3 8 11 13 20 23 34 45 46 76 88 94 98 105 109 115 132 137 141 151 156 159 165 168 169 170 172 178 181 185 186 187 
12 18 67 80 90 91 95 99 106 131 133 142 152 175 176 183 
27 38 47 71 79 85 86 87 122 171 180 
41 59 102 121 158 
44 72 110 119 128 144 155 167 173 
78 
7
1 30 49 50 52 77 93 125 140 149 157 162 
2 3 4 5 6 7 8 9 10 11 13 14 15 16 17 19 20 21 22 23 24 25 26 28 29 31 32 33 34 35 36 37 39 40 42 43 45 46 48 51 53 54 55 56 57 58 60 61 62 63 64 65 66 68 69 70 73 74 75 76 81 82 83 84 88 89 92 94 96 97 98 100 101 103 104 105 107 108 109 111 112 113 114 115 116 117 118 120 123 124 126 127 129 130 132 134 135 136 137 138 139 141 143 145 146 147 148 150 151 153 154 156 159 160 161 163 164 165 166 168 169 170 172 174 177 178 179 181 182 184 185 186 187 
12 18 67 80 90 91 95 99 106 131 133 142 152 175 176 183 
27 38 47 71 79 85 86 87 122 171 180 
41 59 102 121 158 
44 72 110 119 128 144 155 167 173 
78 
7
1 30 49 50 52 77 93 125 140 149 157 162 
2 3 4 6 8 9 10 11 13 14 15 16 17 19 20 21 22 23 24 25 28 29 34 35 36 37 39 43 45 46 48 51 53 54 55 56 58 61 62 63 65 66 69 70 74 75 76 81 83 84 88 89 92 94 96 97 98 100 101 103 104 105 107 108 109 111 114 115 116 117 118 120 123 124 126 129 130 132 134 136 137 138 139 141 143 145 146 148 150 151 154 156 159 161 163 164 165 166 168 169 170 172 174 177 178 179 181 182 184 185 186 187 
5 7 26 27 31 32 33 38 40 42 47 57 60 64 68 71 73 79 82 85 86 87 112 113 122 127 135 147 153 160 171 180 
12 18 67 80 90 91 95 99 106 131 133 142 152 175 176 183 
41 59 102 121 158 
44 72 110 119 128 144 155 167 173 
78 
7
1 30 49 50 52 77 93 125 140 149 157 162 
2 3 4 6 8 9 10 11 13 14 15 16 17 19 20 21 22 23 24 25 28 29 34 35 36 37 39 43 45 46 48 51 53 54 55 56 58 61 62 63 65 66 69 70 74 75 76 81 83 84 88 89 92 94 96 97 98 100 101 103 104 105 107 108 109 111 114 115 116 117 118 120 123 124 126 129 130 132 134 136 137 138 139 141 143 145 146 148 150 151 154 156 159 161 163 164 165 166 168 169 170 172 174 177 178 179 181 182 184 185 186 187 
5 7 26 27 31 32 33 38 40 42 47 57 60 64 68 71 73 79 82 85 86 87 112 113 122 127 135 147 153 160 171 180 
12 18 67 80 90 91 95 99 106 131 133 142 152 175 176 183 
41 59 102 121 158 
44 72 110 119 128 144 155 167 173 
78 
7
1 30 49 50 52 77 93 125 140 149 157 162 
2 3 4 6 8 9 10 11 13 14 15 16 17 19 20 21 22 23 24 25 28 29 34 35 36 37 39 43 45 46 48 51 53 54 55 56 58 61 62 63 65 66 69 70 74 75 76 81 83 84 88 89 92 94 96 97 98 100 101 103 104 105 107 108 109 111 114 115 116 117 118 120 123 124 126 129 130 132 134 136 137 138 139 141 143 145 146 148 150 151 154 156 159 161 163 164 165 166 168 169 170 172 174 177 178 179 181 182 184 185 186 187 
5 7 26 27 31 32 33 38 40 42 47 57 60 64 68 71 73 79 82 85 86 87 112 113 122 127 135 147 153 160 171 180 
12 18 67 80 90 91 95 99 106 131 133 142 152 175 176 183 
41 59 102 121 158 
44 72 110 119 128 144 155 167 173 
78 
