457 230
1 23 32 47 48 85 86 108 125 177 193 198 201 215 
2 3 10 18 26 31 33 34 35 39 43 55 61 65 69 73 92 93 95 102 112 113 119 121 132 133 134 151 159 162 163 164 180 189 190 210 216 222 224 229 230 
4 6 7 8 9 11 12 15 16 19 20 21 22 24 25 27 28 30 37 38 40 41 45 46 49 50 54 56 57 58 60 62 64 66 67 68 70 72 74 75 76 77 79 80 81 82 83 84 87 88 89 90 91 94 96 97 98 100 101 104 105 111 114 115 116 117 118 120 122 123 124 127 130 131 135 136 137 138 139 140 141 142 143 145 146 147 148 149 152 153 154 155 157 160 161 165 166 167 168 169 171 173 174 175 176 178 179 181 182 183 184 185 186 188 191 192 194 195 200 202 203 204 205 214 217 220 226 
5 13 14 17 29 36 42 44 51 52 53 59 63 71 78 103 106 107 109 110 126 129 144 150 156 170 172 196 197 199 206 207 208 209 212 213 219 221 225 227 
99 128 158 187 211 218 223 228 
1 23 32 47 48 85 86 94 108 125 177 193 198 201 215 
2 6 33 69 93 99 128 134 158 159 162 163 164 187 210 211 218 223 228 
3 10 18 26 31 34 35 39 41 43 55 61 65 73 92 95 102 112 113 119 121 132 133 151 180 189 190 216 222 224 229 230 
4 7 8 9 11 12 15 16 19 20 21 22 24 25 27 28 30 37 38 40 45 46 49 50 54 56 57 58 60 62 64 66 67 68 70 72 74 75 76 77 79 80 81 82 83 84 87 88 89 90 91 96 97 98 100 101 104 105 111 114 115 116 117 118 120 122 123 124 127 130 131 135 136 137 138 139 140 141 142 143 145 146 147 148 149 152 153 154 155 157 160 161 165 166 167 168 169 171 173 174 175 176 178 179 182 183 184 185 186 191 192 194 195 200 202 203 204 205 214 217 220 
5 13 14 17 29 36 42 44 51 52 53 59 63 71 78 103 106 107 109 110 126 129 144 150 156 170 172 181 188 196 197 199 206 207 208 209 212 213 219 221 225 226 227 
1 2 6 23 32 33 47 48 51 69 85 86 93 94 108 125 134 159 162 163 164 177 193 198 201 210 215 
3 8 10 18 26 31 34 35 39 41 43 55 61 65 73 92 95 102 112 113 116 119 121 122 132 133 140 151 180 182 189 190 216 222 224 229 230 
4 7 9 11 12 15 16 19 20 21 22 24 25 27 28 30 37 38 40 45 46 49 50 54 56 57 58 60 62 64 66 67 68 70 72 74 76 77 79 80 81 82 83 84 87 88 89 90 91 96 97 98 100 101 104 105 111 114 115 117 118 120 123 124 127 130 131 135 136 137 138 139 141 142 143 145 146 147 148 149 152 153 155 157 160 161 165 166 167 168 171 173 174 175 176 178 179 183 184 185 186 191 192 194 195 200 202 203 204 214 217 220 
5 13 14 17 29 36 42 44 52 53 59 63 71 75 78 103 106 107 109 110 126 129 144 150 154 156 169 170 172 181 188 196 197 199 205 206 207 208 209 212 213 219 221 225 226 227 
99 128 158 187 211 218 223 228 
1 2 4 6 7 8 9 11 12 15 19 20 21 22 23 25 27 28 32 33 37 38 40 45 46 47 48 49 50 51 54 56 57 58 60 62 64 66 67 68 69 70 72 74 76 79 80 81 82 83 84 85 86 87 88 89 91 93 94 96 97 98 101 104 105 108 111 114 115 116 117 118 120 122 123 124 125 130 131 134 135 136 137 138 139 140 141 142 143 145 146 147 148 149 152 153 155 157 159 160 161 162 163 164 165 166 167 168 171 173 174 175 176 177 178 179 182 183 184 185 186 191 192 193 194 195 200 201 202 203 204 210 214 215 217 220 
3 10 18 26 31 34 35 39 41 43 55 61 65 73 92 95 102 112 113 119 121 132 133 151 180 189 190 216 222 224 229 230 
5 13 14 16 17 24 29 30 36 42 44 52 53 59 63 71 75 77 78 90 100 103 106 107 109 110 126 127 129 144 150 154 156 169 170 172 181 188 196 197 198 199 205 206 207 208 209 212 213 219 221 225 226 227 
99 128 158 187 211 218 223 228 
1 4 6 7 8 9 11 12 15 19 20 22 23 25 27 28 37 38 40 45 46 47 48 49 50 51 54 56 58 60 62 64 66 67 68 70 72 74 76 79 80 81 82 83 84 85 86 87 88 89 91 94 96 97 98 101 104 105 108 111 114 115 116 117 118 120 122 123 124 125 130 131 135 136 137 138 139 140 141 142 143 145 146 147 148 149 152 153 155 157 160 161 165 166 167 168 171 173 174 175 176 177 179 182 183 185 186 191 192 193 194 195 200 201 202 203 204 214 215 217 220 
2 32 33 57 69 93 99 128 134 158 159 162 163 164 178 184 187 210 211 218 223 228 
3 10 18 26 31 34 35 39 41 43 55 61 65 73 92 95 102 112 113 119 121 132 133 151 180 189 190 216 222 224 229 230 
5 13 14 16 17 21 24 29 30 36 42 44 52 53 59 63 71 75 77 78 90 100 103 106 107 109 110 126 127 129 144 150 154 156 169 170 172 181 188 196 197 198 199 205 206 207 208 209 212 213 219 221 225 226 227 
1 3 10 18 26 31 34 35 39 41 43 48 51 55 61 65 73 85 86 92 95 102 112 113 119 121 125 132 133 151 177 180 189 190 201 215 216 222 224 229 230 
2 32 33 46 57 69 93 99 128 134 158 159 162 163 164 178 184 187 210 211 218 223 228 
4 6 7 8 9 11 12 15 19 20 22 25 27 28 37 38 40 45 49 50 54 56 58 60 62 64 66 67 68 72 74 76 79 80 81 82 83 84 87 88 89 91 96 97 98 101 104 105 111 114 115 116 117 118 120 122 123 124 130 131 135 136 137 138 139 140 141 142 143 145 146 147 148 149 152 153 155 157 160 161 165 166 167 168 171 173 174 175 176 179 182 183 185 186 191 192 194 195 200 202 203 204 217 220 
5 13 14 16 17 21 24 29 30 36 42 44 52 53 59 63 71 75 77 78 90 100 103 106 107 109 110 126 127 129 144 150 154 156 169 170 172 181 188 196 197 198 199 205 206 207 208 209 212 213 219 221 225 226 227 
23 47 70 94 108 193 214 
1 3 10 18 26 31 34 35 39 41 43 45 48 51 55 61 65 73 85 86 92 95 102 112 113 119 121 125 132 133 151 177 180 189 190 201 215 216 222 224 230 
2 32 33 46 57 69 93 99 128 134 158 159 162 163 164 178 184 187 210 211 218 223 228 
4 6 7 8 9 11 12 15 19 20 22 25 27 28 37 38 40 49 50 54 56 58 60 62 64 66 67 68 72 74 76 79 80 81 82 83 84 87 88 89 91 96 97 98 101 104 105 111 114 115 116 117 118 120 122 123 124 130 131 135 136 137 138 139 140 141 142 143 145 146 147 148 149 152 153 155 157 160 161 165 166 167 168 171 173 174 175 176 179 182 183 185 186 191 192 194 195 200 202 203 204 217 220 229 
5 13 14 16 17 21 24 29 30 36 42 44 52 53 59 63 71 75 77 78 90 100 103 106 107 109 110 126 127 129 144 150 154 156 169 170 172 181 188 196 197 198 199 205 206 207 208 209 212 213 219 221 225 226 227 
23 47 70 94 108 193 214 
1 3 8 10 18 26 31 34 35 39 41 43 45 48 50 51 55 61 65 73 85 86 92 95 102 112 113 116 119 121 125 132 133 151 177 180 189 190 201 215 216 220 222 224 230 
2 32 33 46 57 69 81 93 99 115 128 134 139 149 158 159 162 163 164 178 184 187 210 211 218 223 228 
4 6 7 9 11 12 15 19 20 22 25 27 28 37 38 40 49 54 56 58 60 62 64 66 67 68 72 74 76 79 80 82 83 84 87 88 89 91 96 97 98 101 104 105 111 114 117 118 120 122 123 124 130 131 135 136 137 138 140 141 142 143 145 146 147 148 152 153 155 157 160 161 165 166 167 168 171 173 174 175 176 179 182 183 185 186 191 192 194 195 200 202 203 204 217 229 
5 13 14 16 17 21 24 29 30 36 42 44 52 53 59 63 71 75 77 78 90 100 103 106 107 109 110 126 127 129 144 150 154 156 169 170 172 181 188 196 197 198 199 205 206 207 208 209 212 213 219 221 225 226 227 
23 47 70 94 108 193 214 
1 10 18 31 35 41 48 51 61 65 85 86 95 113 125 177 190 201 215 216 224 
2 32 33 46 57 69 81 93 99 115 128 134 139 149 158 159 162 163 164 178 184 187 210 211 218 223 228 
3 5 8 9 11 13 14 15 16 17 21 22 24 26 29 30 34 36 37 39 42 43 44 45 50 52 53 55 59 63 66 71 72 73 75 76 77 78 89 90 92 96 98 100 101 102 103 105 106 107 109 110 112 114 116 119 121 126 127 129 132 133 144 150 151 154 156 165 169 170 172 174 180 181 183 186 188 189 192 196 197 198 199 205 206 207 208 209 212 213 217 219 220 221 222 225 226 227 230 
4 6 7 12 19 20 25 27 28 38 40 49 54 56 58 60 62 64 67 68 74 79 80 82 83 84 87 88 91 97 104 111 117 118 120 122 123 124 130 131 135 136 137 138 140 141 142 143 145 146 147 148 152 153 155 157 160 161 166 167 168 171 173 175 176 179 182 185 191 194 195 200 202 203 204 229 
23 47 70 94 108 193 214 
1 10 18 31 35 41 48 51 61 65 85 86 95 113 125 177 190 201 215 216 224 
2 32 33 46 57 69 81 93 99 115 128 134 139 149 158 159 162 163 164 178 184 187 210 211 218 223 228 
3 5 8 9 11 13 15 16 17 21 22 24 26 30 34 36 37 39 42 43 45 50 52 53 55 63 66 71 72 73 76 77 89 90 92 96 98 100 101 102 103 105 106 107 110 112 114 116 119 121 126 127 129 132 133 150 151 156 165 170 172 174 180 183 186 189 192 196 197 199 207 208 209 212 213 217 220 221 222 225 227 230 
4 6 7 12 14 19 20 25 27 28 29 38 40 44 49 54 56 58 59 60 62 64 67 68 74 75 78 79 80 82 83 84 87 88 91 97 104 109 111 117 118 120 122 123 124 130 131 135 136 137 138 140 141 142 143 144 145 146 147 148 152 153 154 155 157 160 161 166 167 168 169 171 173 175 176 179 181 182 185 188 191 194 195 198 200 202 203 204 205 206 219 226 229 
23 47 70 94 108 193 214 
1 10 18 31 35 41 48 51 61 65 85 86 95 113 125 177 190 201 215 216 224 
2 32 33 46 57 69 81 93 99 115 128 134 139 146 149 154 158 159 162 163 164 169 178 184 187 205 210 211 218 223 228 
3 5 8 9 11 13 15 16 17 21 22 24 26 30 34 36 37 39 42 43 45 50 52 53 55 63 66 71 72 73 76 77 89 90 92 96 98 100 101 102 103 105 106 107 110 112 114 116 119 121 126 127 129 132 133 150 151 156 165 170 172 174 180 183 186 189 192 196 197 199 207 208 209 212 213 217 220 221 222 225 227 230 
4 6 7 12 14 19 20 25 27 28 29 38 40 44 49 54 56 58 59 60 62 64 67 68 74 75 78 79 80 82 83 84 87 88 91 97 104 109 111 117 118 120 122 123 124 130 131 135 136 137 138 140 141 142 143 144 145 147 148 152 153 155 157 160 161 166 167 168 171 173 175 176 179 181 182 185 188 191 194 195 198 200 202 203 204 206 219 226 229 
23 47 70 94 108 193 214 
1 10 18 31 35 41 48 51 61 65 85 86 95 113 125 177 190 201 215 216 224 
2 32 33 46 57 69 81 93 99 115 128 134 139 146 149 154 158 159 162 163 164 169 172 178 181 184 187 205 210 211 218 223 228 
3 5 8 9 11 13 15 16 17 21 22 24 26 30 34 36 37 39 42 43 45 50 52 53 55 63 64 66 71 72 73 76 77 89 90 92 96 98 100 101 102 103 105 106 107 110 112 114 116 119 121 126 127 129 132 133 137 150 151 156 165 170 174 180 183 186 189 192 194 196 197 199 207 208 209 212 213 217 220 221 222 225 227 230 
4 6 7 12 14 19 20 23 25 27 28 29 38 40 44 47 49 54 56 58 59 60 62 67 68 70 74 75 78 79 80 82 83 84 87 88 91 94 97 104 108 109 111 117 118 120 122 123 124 130 131 135 136 138 140 141 142 143 144 145 147 148 152 153 155 157 160 161 166 167 168 171 173 175 176 179 182 185 188 191 193 195 198 200 202 203 204 206 214 219 226 229 
1 10 18 31 35 41 48 51 61 65 85 86 95 113 125 177 190 201 215 216 224 
2 32 33 46 57 69 81 93 99 115 128 134 139 146 149 154 158 159 162 163 164 169 172 178 181 184 187 205 210 211 218 223 228 
3 5 8 9 11 13 15 16 17 21 22 24 26 30 34 36 37 39 42 43 45 50 52 53 55 63 64 66 71 72 73 76 77 89 90 92 96 98 100 101 102 103 105 106 107 110 112 114 116 119 121 126 127 129 132 133 137 138 150 151 156 165 170 174 180 183 186 189 192 194 196 197 199 207 208 209 212 213 217 220 221 222 225 227 230 
4 6 7 12 14 19 20 23 25 27 28 29 38 40 44 47 49 54 56 58 59 60 62 67 68 70 74 75 78 79 80 82 83 84 87 88 91 94 97 104 108 109 111 117 118 120 122 123 124 130 131 135 136 140 141 142 143 144 145 147 148 152 153 155 157 160 161 166 167 168 171 173 175 176 179 182 185 188 191 193 195 198 200 202 203 204 206 214 219 226 229 
1 10 18 31 35 41 48 51 61 65 85 86 95 113 125 177 190 201 215 216 224 
2 3 5 8 9 11 13 15 16 17 21 22 24 26 30 32 33 34 36 37 39 42 43 45 46 50 52 53 55 57 63 64 66 69 71 72 73 76 77 81 89 92 93 98 99 100 101 102 103 105 107 110 112 114 115 116 119 121 126 128 132 133 134 137 138 139 146 149 150 151 154 158 159 162 163 164 165 169 170 172 174 178 180 181 183 184 187 189 192 194 196 197 199 205 207 208 209 210 211 212 213 218 220 222 223 225 227 228 230 
4 6 7 12 14 19 20 23 25 27 28 29 38 40 44 47 49 54 56 58 59 60 62 67 68 70 74 75 78 79 80 82 83 84 87 88 90 91 94 96 97 104 106 108 109 111 117 118 120 122 123 124 127 129 130 131 135 136 140 141 142 143 144 145 147 148 152 153 155 156 157 160 161 166 167 168 171 173 175 176 179 182 185 186 188 191 193 195 198 200 202 203 204 206 214 217 219 221 226 229 
1 10 18 31 35 41 48 51 61 65 85 86 95 113 125 177 190 201 215 216 224 
2 3 5 8 9 11 13 15 16 17 21 22 24 26 30 32 33 34 36 37 39 42 43 45 46 50 52 53 55 57 63 64 66 69 71 72 73 76 77 81 89 92 93 98 99 100 101 102 103 105 107 110 112 114 115 116 119 121 126 128 132 133 134 137 138 139 146 149 150 151 154 158 159 162 163 164 165 169 170 172 174 178 180 181 183 184 187 189 192 194 196 197 199 205 207 208 209 210 211 212 213 218 220 222 223 225 227 228 230 
4 6 7 12 14 19 20 23 25 27 28 29 38 40 44 47 49 54 56 58 59 60 62 67 68 70 74 75 78 79 80 82 83 84 87 88 90 91 94 96 97 104 106 108 109 111 117 118 120 122 123 124 127 129 130 131 135 136 140 141 142 143 144 145 147 148 152 153 155 156 157 160 161 166 167 168 171 173 175 176 179 182 185 186 188 191 193 195 198 200 202 203 204 206 214 217 219 221 226 229 
1 10 18 31 35 41 48 51 61 65 85 86 90 95 113 125 127 177 190 201 215 216 224 
2 3 5 8 9 11 13 15 16 17 21 22 24 26 30 32 33 34 36 37 39 42 43 45 46 50 52 53 55 57 63 64 66 69 71 72 73 76 77 81 89 92 93 98 99 100 101 102 103 105 107 110 112 114 115 116 119 121 126 128 132 133 134 137 138 139 146 149 150 151 154 158 159 162 163 164 165 169 170 172 174 178 180 181 183 184 187 189 192 194 196 197 199 205 207 208 209 210 211 212 213 218 220 222 223 225 227 228 230 
4 6 7 12 14 19 20 23 25 27 28 29 38 40 44 47 49 54 56 58 59 60 62 67 68 70 74 75 78 79 80 82 83 84 87 88 91 94 96 97 104 106 108 109 111 117 118 120 122 123 124 129 130 131 135 136 140 141 142 143 144 145 147 148 152 153 155 156 157 160 161 166 167 168 171 173 175 176 179 182 185 186 188 191 193 195 198 200 202 203 204 206 214 217 219 221 226 229 
1 10 18 31 35 41 48 51 61 65 85 86 90 95 113 125 127 177 190 201 215 216 224 
2 3 5 8 9 11 13 15 16 17 21 22 24 26 30 32 33 34 36 37 39 42 43 45 46 50 52 53 55 57 63 64 66 69 71 72 73 76 77 81 89 92 93 98 99 100 101 102 103 105 107 110 112 114 115 116 119 121 126 128 132 133 134 137 138 139 146 149 150 151 154 158 159 162 163 164 165 169 170 172 174 178 180 181 183 184 187 189 192 194 196 197 199 205 207 208 209 210 211 212 213 218 220 222 223 225 227 228 230 
4 6 7 12 14 19 20 25 27 28 29 38 40 44 47 49 54 56 58 59 60 62 67 68 70 74 75 78 79 80 82 83 84 87 88 91 96 97 104 106 108 109 111 117 118 120 122 123 124 129 130 131 135 136 140 141 142 143 144 145 147 148 152 153 155 156 157 160 161 166 167 168 171 173 175 176 179 182 185 186 188 191 193 195 198 200 202 203 204 206 214 217 219 221 226 229 
23 94 
1 10 18 31 35 41 48 51 61 65 85 86 90 95 113 125 127 177 190 201 215 216 224 
2 3 5 8 9 11 13 15 16 17 21 22 24 26 30 32 33 34 36 37 39 42 43 45 46 50 52 53 55 57 63 64 66 69 71 72 73 76 77 81 89 92 93 98 99 100 101 102 103 105 107 110 112 114 115 116 119 121 126 128 132 133 134 137 138 139 149 150 151 154 158 159 162 163 164 165 169 170 172 174 178 180 181 183 184 187 189 192 194 196 197 199 205 207 208 209 210 211 212 213 218 220 222 223 225 227 228 230 
4 6 7 12 14 19 20 25 27 28 29 38 40 44 47 49 54 56 58 59 60 62 67 68 70 74 75 78 79 80 82 83 84 87 88 91 96 97 104 106 108 109 111 117 118 120 122 123 124 129 130 131 135 136 140 141 142 143 144 145 146 147 148 152 153 155 156 157 160 161 166 167 168 171 173 175 176 179 182 185 186 188 191 193 195 198 200 202 203 204 206 214 217 219 221 226 229 
23 94 
1 10 18 31 35 41 48 51 61 65 85 86 90 95 113 125 127 177 190 201 215 216 224 
2 3 5 8 9 11 13 15 16 17 21 22 24 26 30 32 33 34 36 37 39 42 43 45 46 50 52 53 55 57 63 64 66 69 71 72 73 76 77 81 89 92 93 98 99 100 101 102 103 105 107 110 112 114 115 116 119 121 126 128 132 133 134 137 138 139 149 150 151 154 158 159 162 163 164 165 169 170 172 174 178 180 181 183 184 187 189 192 194 196 197 199 205 207 208 209 210 211 212 213 218 220 222 223 225 227 228 230 
4 6 7 12 14 19 20 25 27 28 29 38 40 44 47 49 54 56 58 59 60 62 67 68 70 74 75 78 79 80 82 83 84 87 88 91 96 97 104 106 108 109 111 117 118 120 122 123 124 129 130 131 135 136 140 141 142 143 144 145 146 147 148 152 153 155 156 157 160 161 166 167 168 171 173 175 176 179 182 185 186 188 191 193 195 198 200 202 203 204 206 214 217 219 221 226 229 
23 94 
1 10 18 31 35 41 48 51 61 65 85 86 90 95 113 125 127 177 190 201 215 216 224 
2 3 5 8 9 11 13 15 16 17 21 22 24 26 30 32 33 34 36 37 39 42 43 45 46 50 52 53 55 57 63 64 66 69 71 72 73 76 77 81 89 92 93 98 99 100 101 102 103 105 107 110 112 114 115 116 119 121 126 128 132 133 134 137 138 139 149 150 151 154 158 159 162 163 164 165 169 170 172 174 178 180 181 183 184 187 189 192 194 196 197 199 205 207 208 209 210 211 212 213 218 220 222 223 225 227 228 230 
4 6 12 14 20 25 27 28 29 38 40 44 47 56 58 59 60 62 67 68 70 74 75 78 79 80 82 83 84 87 88 91 96 97 104 106 108 109 111 117 118 120 123 124 129 130 131 136 141 142 144 145 146 148 152 153 155 156 157 160 161 167 168 171 173 175 176 179 185 186 188 191 193 195 198 200 202 203 204 206 214 217 219 221 226 229 
7 19 49 54 122 135 140 143 147 166 182 
23 94 
1 10 18 31 35 41 48 51 61 65 85 86 90 95 113 125 127 177 190 201 215 216 224 
2 3 5 8 9 11 13 15 16 17 21 22 24 26 30 32 33 34 36 37 39 42 43 45 46 50 52 53 55 57 63 64 66 69 71 72 73 76 77 81 89 92 93 98 99 100 101 102 103 105 107 110 112 114 115 116 119 121 126 128 132 133 134 137 138 139 148 149 150 151 154 158 159 162 163 164 165 169 170 172 174 178 180 181 183 184 187 189 192 194 196 197 199 205 207 208 209 210 211 212 213 218 220 222 223 225 227 228 230 
4 6 12 14 20 25 27 28 29 38 40 44 47 56 58 59 60 62 67 68 70 74 75 78 79 80 82 83 84 87 88 91 96 97 104 106 108 109 111 117 118 120 123 124 129 130 131 136 141 142 144 145 146 152 153 155 156 157 160 161 167 168 171 173 175 176 179 185 186 188 191 193 195 198 200 202 203 204 206 214 217 219 221 226 229 
7 19 49 54 122 135 140 143 147 166 182 
23 94 
1 10 18 31 35 41 48 51 61 65 85 86 90 95 113 125 127 177 190 201 215 216 224 
2 3 5 8 9 11 13 15 16 17 21 22 24 26 30 32 33 34 36 37 39 42 43 45 46 50 52 53 55 57 63 64 66 69 71 72 73 76 77 81 89 92 93 98 99 100 101 102 103 105 107 110 112 114 115 116 119 121 126 128 132 133 134 137 138 139 148 149 150 151 154 158 159 162 163 164 165 169 170 172 174 178 180 181 183 184 187 189 192 194 196 197 199 205 207 208 209 210 211 212 213 218 220 222 223 225 227 228 230 
4 6 12 14 20 25 27 28 29 38 40 44 47 56 58 59 60 62 67 68 70 74 75 78 79 80 82 83 84 87 88 91 96 97 104 106 108 109 111 117 118 120 123 124 129 130 131 136 141 142 144 145 146 152 153 155 156 157 160 161 167 168 171 173 175 176 179 185 186 188 191 193 195 198 200 202 203 204 206 214 217 219 221 226 229 
7 19 49 54 122 135 140 143 147 166 182 
23 94 
1 10 18 31 35 41 48 51 61 65 85 86 90 95 113 125 127 177 190 201 215 216 224 
2 3 5 8 9 11 13 15 16 17 21 22 24 26 30 32 33 34 36 37 39 42 43 45 46 50 52 53 55 57 63 64 66 69 71 72 73 76 77 81 89 92 93 98 99 100 101 102 103 105 107 110 112 114 115 116 119 121 126 128 132 133 134 137 138 139 148 149 150 151 154 158 159 162 163 164 165 169 170 172 174 178 180 181 183 184 187 189 192 194 196 197 199 205 207 208 209 210 211 212 213 218 220 222 223 225 227 228 230 
4 6 12 14 20 25 27 28 29 38 40 44 47 56 58 59 60 62 67 68 70 74 75 78 79 80 82 83 84 87 88 91 96 97 104 106 108 109 111 117 118 120 123 124 129 130 131 136 141 142 144 145 146 152 153 155 156 157 160 161 167 168 171 173 175 176 179 185 186 188 191 193 195 198 200 202 203 204 206 214 217 219 221 226 229 
7 19 49 54 122 135 140 143 147 166 182 
23 94 
1 10 18 31 35 41 48 51 61 65 85 86 90 95 113 125 127 177 190 201 215 216 224 
2 3 5 8 9 11 13 15 16 17 21 22 24 26 30 32 33 34 36 37 39 42 43 45 46 50 52 53 55 57 63 64 66 69 71 72 73 76 77 81 89 92 93 98 99 100 101 102 103 105 107 110 112 114 115 116 119 121 126 128 132 133 134 137 138 139 148 149 150 151 154 158 159 162 163 164 165 169 170 172 174 178 180 181 183 184 187 189 192 194 196 197 199 205 207 208 209 210 211 212 213 218 220 222 223 225 227 228 230 
4 6 12 14 20 25 27 28 29 38 40 44 47 56 58 59 60 62 67 68 70 74 75 78 79 80 82 83 84 87 88 91 96 97 104 106 108 109 111 117 118 120 123 124 129 130 131 136 141 142 144 145 146 152 153 155 156 157 160 161 167 168 171 173 175 176 179 185 186 188 191 193 195 198 200 202 203 204 206 214 217 219 221 226 229 
7 19 49 54 122 135 140 143 147 166 182 
23 94 
1 10 18 31 35 41 48 51 61 65 85 86 90 95 113 125 127 177 190 201 215 216 224 
2 3 5 8 9 11 13 15 16 17 21 22 24 26 30 32 33 34 36 37 39 42 43 45 46 50 52 53 55 57 63 64 66 69 71 72 73 76 77 81 89 92 93 98 99 100 101 102 103 105 107 110 112 114 115 116 119 121 126 128 132 133 134 137 138 139 148 149 150 151 154 158 159 162 163 164 165 169 170 172 174 178 180 181 183 184 187 189 192 194 196 197 199 205 207 208 209 210 211 212 213 218 220 222 223 225 227 228 230 
4 6 12 14 20 25 27 28 29 38 40 44 47 56 58 59 60 62 67 68 70 74 75 78 79 80 82 83 84 87 88 91 96 97 104 106 108 109 111 117 118 120 123 124 129 130 131 136 141 142 144 145 146 152 153 155 156 157 160 161 167 168 171 173 175 176 179 185 186 188 191 193 195 198 200 202 203 204 206 214 217 219 221 226 229 
7 19 49 54 122 135 140 143 147 166 182 
23 94 
1 10 18 22 31 35 41 48 51 61 65 85 86 90 95 98 113 125 127 177 190 201 215 216 224 
2 3 5 8 9 11 13 15 16 17 21 24 26 30 32 33 34 36 37 39 42 43 45 46 50 52 53 55 57 63 64 66 69 71 72 73 76 77 81 89 92 93 99 100 101 102 103 105 107 110 112 114 115 116 119 121 126 128 132 133 134 137 138 139 148 149 150 151 154 158 159 162 163 164 165 169 170 172 174 178 180 181 183 184 187 189 192 194 196 197 199 205 207 208 209 210 211 212 213 218 220 222 223 225 227 228 230 
4 6 12 14 20 25 27 28 29 38 40 44 47 56 58 59 60 62 67 68 70 74 75 78 79 80 82 83 84 87 88 91 96 97 104 106 108 109 111 117 118 120 123 124 129 130 131 136 141 142 144 145 146 152 153 155 156 157 160 161 167 168 171 173 175 176 179 185 186 188 191 193 195 198 200 202 203 204 206 214 217 219 221 226 229 
7 19 49 54 122 135 140 143 147 166 182 
23 94 
1 10 18 22 31 35 41 48 51 61 65 85 86 90 95 98 113 125 127 177 190 201 215 216 224 
2 3 5 8 9 11 13 15 16 17 21 24 26 30 32 33 34 36 37 39 42 43 45 46 50 52 53 55 57 63 64 66 69 71 72 73 76 77 81 89 92 93 99 100 101 102 103 105 107 110 112 114 115 116 119 121 126 128 132 133 134 137 138 139 148 149 150 151 154 158 159 162 163 164 165 169 170 172 174 178 180 181 183 184 187 189 192 194 196 197 199 205 207 208 209 210 211 212 213 218 220 222 223 225 227 228 230 
4 6 12 14 20 25 27 28 29 38 40 44 47 56 58 59 60 62 67 68 74 75 78 79 80 82 83 84 87 88 91 96 97 104 106 108 109 111 117 118 120 123 124 129 130 131 136 141 142 144 145 146 152 153 155 156 157 160 161 167 168 171 173 175 176 179 185 186 188 191 193 195 198 200 202 203 204 206 217 219 221 226 229 
7 19 49 54 70 122 135 140 143 147 166 182 214 
23 94 
1 10 18 22 31 35 41 48 51 61 65 85 86 90 95 98 113 125 127 177 190 201 215 216 224 
2 3 5 8 9 11 13 15 16 17 21 24 26 30 32 33 34 36 37 39 42 43 45 46 50 52 53 55 57 63 64 66 69 71 72 73 76 77 81 89 92 93 99 100 101 102 103 105 107 110 112 114 115 116 119 121 126 128 132 133 134 137 138 139 148 149 150 151 154 158 159 162 163 164 165 169 170 172 174 178 180 181 183 184 187 189 192 194 196 197 199 205 207 208 209 210 211 212 213 218 220 222 223 225 227 228 230 
4 6 12 14 20 25 27 28 29 38 40 44 47 56 58 59 60 62 67 68 74 75 78 79 80 82 83 84 87 88 91 96 97 104 106 108 109 111 117 118 120 123 124 129 130 131 136 141 142 144 145 146 152 153 155 156 157 160 161 167 168 171 173 175 176 179 185 186 188 191 193 195 198 200 202 203 204 206 217 219 221 226 229 
7 19 49 54 70 122 135 140 143 147 166 182 214 
23 94 
1 10 18 22 31 35 41 48 51 61 65 85 86 90 95 96 98 106 113 125 127 129 141 146 156 177 186 190 201 215 216 217 221 224 
2 3 5 8 9 11 13 15 16 17 21 24 26 30 32 33 34 36 37 39 42 43 45 46 50 52 53 55 57 63 64 66 69 71 72 73 76 77 81 89 92 93 99 100 101 102 103 105 107 110 112 114 115 116 119 121 126 128 132 133 134 137 138 139 148 149 150 151 154 158 159 162 163 164 165 169 170 172 174 178 180 181 183 184 187 189 192 194 196 197 199 205 207 208 209 210 211 212 213 218 220 222 223 225 227 228 230 
4 6 12 14 20 25 27 28 29 38 40 44 47 56 58 59 60 62 67 68 74 75 78 79 80 82 83 84 87 88 91 97 104 108 109 111 117 118 120 123 124 130 131 136 142 144 145 152 153 155 157 160 161 167 168 171 173 175 176 179 185 188 191 193 195 198 200 202 203 204 206 219 226 229 
7 19 49 54 70 122 135 140 143 147 166 182 214 
23 94 
1 10 18 22 31 35 41 48 51 61 65 85 86 90 95 96 98 106 113 125 127 129 141 146 156 177 186 190 201 215 216 217 221 224 
2 3 5 8 9 11 13 15 16 17 21 24 26 30 32 33 34 36 37 39 42 43 45 46 50 52 53 55 57 63 64 66 69 71 72 73 76 77 81 89 92 93 99 100 101 102 103 105 107 110 112 114 115 116 119 121 126 128 132 133 134 137 138 139 148 149 150 151 154 158 159 162 163 164 165 169 170 172 174 178 180 181 183 184 187 189 192 194 196 197 199 205 207 208 209 210 211 212 213 218 220 222 223 225 227 228 230 
4 6 12 14 20 25 27 28 29 38 40 44 47 56 58 59 60 62 67 68 74 75 78 79 80 82 83 84 87 88 91 97 104 108 109 111 117 118 120 123 124 130 131 136 142 144 145 152 153 155 157 160 161 167 168 171 173 175 176 179 185 188 191 193 195 198 200 202 203 204 206 219 226 229 
7 19 49 54 70 122 135 140 143 147 166 182 214 
23 94 
1 10 18 22 31 35 41 48 51 61 65 66 85 86 90 95 96 98 101 106 113 125 127 129 141 146 156 163 164 177 183 186 190 192 201 210 215 216 217 221 224 
2 3 5 8 9 11 13 15 16 17 21 24 26 30 32 33 34 36 37 39 42 43 45 46 50 52 53 55 57 59 63 64 69 71 72 73 76 77 81 83 89 92 93 99 100 102 103 105 107 110 112 114 115 116 119 121 126 128 132 133 134 137 138 139 148 149 150 151 154 158 159 162 165 169 170 172 174 178 180 181 184 187 189 194 196 197 199 205 207 208 209 211 212 213 218 220 222 223 225 227 228 230 
4 6 12 14 20 25 27 28 29 38 40 44 47 56 58 60 62 67 68 74 75 78 79 80 82 84 87 88 91 97 104 108 109 111 117 118 120 123 124 130 131 136 142 144 145 152 153 155 157 160 161 167 168 171 173 175 176 179 185 188 191 193 195 198 200 202 203 204 206 219 226 229 
7 19 49 54 70 122 135 140 143 147 166 182 214 
23 94 
1 10 18 22 31 35 41 48 51 61 65 66 85 86 90 95 96 98 101 106 113 125 127 129 141 156 163 164 177 183 186 190 192 201 210 215 216 217 221 224 
2 3 5 8 9 11 13 15 17 21 26 32 33 34 36 37 39 42 43 45 46 50 52 53 55 57 59 63 64 69 71 72 73 76 77 81 83 89 92 93 99 100 102 103 105 107 110 112 114 115 116 119 121 126 128 132 133 134 137 138 139 146 148 149 150 151 154 158 159 162 165 169 170 172 174 178 180 181 184 187 189 194 196 197 199 205 207 208 209 211 212 213 218 220 222 223 225 227 228 230 
4 6 12 14 16 20 24 25 27 28 29 30 38 40 44 47 56 58 60 62 67 68 74 75 78 79 80 82 84 87 88 91 97 104 108 109 111 117 118 120 123 124 130 131 136 142 144 145 152 153 155 157 160 161 167 168 171 173 175 176 179 185 188 191 193 195 198 200 202 203 204 206 219 226 229 
7 19 49 54 70 122 135 140 143 147 166 182 214 
23 94 
1 4 6 12 14 16 20 24 25 27 28 29 30 38 40 44 47 56 58 60 62 67 68 74 75 78 79 80 82 84 87 88 91 97 104 108 109 111 117 118 120 123 124 130 131 136 142 144 145 152 153 155 157 160 161 167 168 171 173 175 176 179 185 188 191 193 195 198 200 202 203 204 206 219 226 229 
2 3 5 8 9 11 13 15 17 21 26 32 33 34 36 37 39 42 43 45 46 50 52 53 55 57 59 63 64 69 71 72 73 76 77 81 83 89 92 93 99 100 102 103 105 107 110 112 114 115 116 119 121 126 128 132 133 134 137 138 139 146 148 149 150 151 154 158 159 162 165 169 170 172 174 178 180 181 184 187 189 194 196 197 199 205 207 208 209 211 212 213 218 220 222 223 225 227 228 230 
7 19 49 54 70 122 135 140 143 147 166 182 214 
10 18 22 31 35 41 48 51 61 65 66 85 86 90 95 96 98 101 106 113 125 127 129 141 156 163 164 177 183 186 190 192 201 210 215 216 217 221 224 
23 94 
1 4 6 12 14 16 20 24 25 27 28 29 30 38 40 44 47 56 58 60 62 67 68 74 75 78 79 80 82 84 87 88 91 97 104 108 109 111 117 118 120 123 124 130 131 136 142 144 145 152 153 157 161 167 168 171 173 175 176 179 185 188 191 193 195 198 200 202 203 204 206 219 226 229 
2 3 5 8 9 11 13 15 17 21 26 32 33 34 36 37 39 42 43 45 46 50 52 53 55 57 59 63 64 69 71 72 73 76 77 81 83 89 92 93 99 100 102 103 105 107 110 112 114 115 116 119 121 126 128 132 133 134 137 138 139 146 148 149 150 151 154 158 159 162 165 169 170 172 174 178 180 181 184 187 189 194 196 197 199 205 207 208 209 211 212 213 218 220 222 223 225 227 228 230 
7 19 49 54 70 122 135 140 143 147 166 182 214 
10 18 22 31 35 41 48 51 61 65 66 85 86 90 95 96 98 101 106 113 125 127 129 141 155 156 160 163 164 177 183 186 190 192 201 210 215 216 217 221 224 
23 94 
1 4 6 12 14 16 20 24 25 27 28 29 30 38 40 44 47 56 58 60 62 67 68 74 75 78 79 80 82 84 87 88 91 97 104 108 109 111 117 118 120 123 124 130 131 136 142 144 145 152 153 157 161 167 168 171 173 175 176 179 185 188 191 193 195 198 200 202 203 204 206 219 226 229 
2 3 5 8 9 11 13 15 17 21 26 32 33 34 36 37 39 42 43 45 46 50 52 53 55 57 59 63 64 69 71 72 73 76 77 81 83 89 92 93 99 100 102 103 105 107 110 112 114 115 116 119 121 126 128 132 133 134 137 138 139 146 148 149 150 151 154 158 159 162 165 169 170 172 174 178 180 181 184 187 189 194 196 197 199 205 207 208 209 211 212 213 218 220 222 223 225 227 228 230 
7 19 49 54 70 122 135 140 143 147 166 182 214 
10 18 22 31 35 41 48 51 61 65 66 85 86 90 95 96 98 101 106 113 125 127 129 141 155 156 160 163 164 177 183 186 190 192 201 210 215 216 217 221 224 
23 94 
1 4 6 12 14 16 20 24 25 27 28 29 30 38 40 44 47 56 58 60 62 67 68 74 75 78 79 80 82 84 87 88 91 97 104 108 109 111 117 118 120 123 124 130 131 136 137 142 144 145 152 153 157 161 167 168 171 173 175 176 179 185 188 191 193 195 198 200 202 203 204 206 219 226 229 
2 3 5 8 9 11 13 15 17 21 26 32 33 34 36 37 39 42 43 45 46 50 52 53 55 57 59 63 64 69 71 72 73 76 77 81 83 89 92 93 99 100 102 103 105 107 110 112 114 115 116 119 121 126 128 132 133 134 138 139 146 148 149 150 151 154 158 159 162 165 169 170 172 174 178 180 181 184 187 189 194 196 197 199 205 207 208 209 211 212 213 218 220 222 223 225 227 228 230 
7 19 49 54 70 122 135 140 143 147 166 182 214 
10 18 22 31 35 41 48 51 61 65 66 85 86 90 95 96 98 101 106 113 125 127 129 141 155 156 160 163 164 177 183 186 190 192 201 210 215 216 217 221 224 
23 94 
1 4 6 12 14 16 20 24 25 27 28 29 30 38 40 44 47 56 58 60 62 67 68 74 75 78 79 80 82 84 87 88 91 97 104 108 109 111 117 118 120 123 124 130 131 136 137 142 144 145 152 153 157 161 167 168 171 173 175 176 179 185 188 191 193 195 198 200 202 203 204 206 219 226 229 
2 3 5 8 9 11 13 15 17 21 26 32 33 34 36 37 39 42 43 45 46 50 52 53 55 57 59 63 64 69 71 72 73 76 77 81 83 89 92 93 99 100 102 103 105 107 110 112 114 115 116 119 121 126 128 132 133 134 138 139 146 148 149 150 151 154 158 159 162 165 169 170 172 174 178 180 181 184 187 189 194 196 197 199 205 207 208 209 211 212 213 218 220 222 223 225 227 228 230 
7 19 49 54 70 122 135 140 143 147 166 182 214 
10 18 22 31 35 41 48 51 61 65 66 85 86 90 95 96 98 101 106 113 125 127 129 141 155 156 160 163 164 177 183 186 190 192 201 210 215 216 217 221 224 
23 94 
1 4 6 12 14 16 20 24 25 27 28 29 30 38 40 44 47 56 58 62 67 68 74 75 78 79 80 82 84 87 88 91 97 104 108 109 111 117 118 120 123 124 130 131 136 137 142 144 145 152 153 157 161 167 168 171 173 175 176 179 185 188 191 193 195 198 202 203 204 206 219 226 229 
2 3 5 8 9 11 13 15 17 21 26 32 33 34 36 37 39 42 43 45 46 50 52 53 55 57 59 60 63 64 69 71 72 73 76 77 81 83 89 92 93 99 100 102 103 105 107 110 112 114 115 116 119 121 126 128 132 133 134 138 139 146 148 149 150 151 154 158 159 162 165 169 170 172 174 178 180 181 184 187 189 194 196 197 199 200 205 207 208 209 211 212 213 218 220 222 223 225 227 228 230 
7 19 49 54 70 122 135 140 143 147 166 182 214 
10 18 22 31 35 41 48 51 61 65 66 85 86 90 95 96 98 101 106 113 125 127 129 141 155 156 160 163 164 177 183 186 190 192 201 210 215 216 217 221 224 
23 94 
1 4 6 12 14 16 20 24 25 27 28 29 30 38 40 44 47 56 58 62 67 68 74 75 78 79 80 82 84 87 88 91 97 104 108 109 111 117 118 120 123 124 130 131 136 137 142 144 145 152 153 157 161 167 168 171 173 175 176 179 185 188 191 193 195 198 202 203 204 206 219 226 229 
2 3 5 8 9 11 13 15 17 21 26 32 33 34 36 37 39 42 43 45 46 50 52 53 55 57 59 60 63 64 69 71 72 73 76 77 81 83 89 92 93 99 100 102 103 105 107 110 112 114 115 116 119 121 126 128 132 133 134 138 139 146 148 149 150 151 154 158 159 162 165 169 170 172 174 178 180 181 184 187 189 194 196 197 199 200 205 207 208 209 211 212 213 218 220 222 223 225 227 228 230 
7 19 49 54 70 122 135 140 143 147 166 182 214 
10 18 22 31 35 41 48 51 61 65 66 85 86 90 95 96 98 101 106 113 125 127 129 141 155 156 160 163 164 177 183 186 190 192 201 210 215 216 217 221 224 
23 94 
1 4 6 12 14 16 20 22 24 25 27 28 29 30 38 40 44 47 56 58 62 67 68 74 75 79 80 82 84 87 88 91 97 98 104 108 111 117 118 120 123 124 130 131 136 137 142 144 145 152 153 155 157 160 161 167 168 171 173 175 176 179 185 188 191 193 195 198 202 203 204 219 226 229 
2 3 5 8 9 11 13 15 17 21 26 32 33 34 36 37 39 42 43 45 46 50 52 53 55 57 59 60 63 64 69 71 72 73 76 77 81 83 89 92 93 99 100 102 103 105 107 110 112 114 115 116 119 121 126 128 132 133 134 138 139 146 148 149 150 151 154 158 159 162 165 169 170 172 174 178 180 181 184 187 189 194 196 197 199 200 205 207 208 209 211 212 213 218 220 222 223 225 227 228 230 
7 19 49 54 70 78 109 122 135 140 143 147 166 182 206 214 
10 18 31 35 41 48 51 61 65 66 85 86 90 95 96 101 106 113 125 127 129 141 156 163 164 177 183 186 190 192 201 210 215 216 217 221 224 
23 94 
1 4 6 12 20 22 25 27 28 30 40 44 47 56 58 62 67 74 80 82 84 88 97 98 108 111 117 118 120 123 124 130 131 136 137 142 145 152 153 155 157 160 161 167 168 171 173 175 176 179 185 191 193 195 203 204 
2 3 5 8 9 11 13 15 17 21 26 32 33 34 36 37 39 42 43 45 46 50 52 53 55 57 59 60 63 64 68 69 71 72 73 76 77 81 83 89 91 92 93 99 100 102 103 105 107 110 112 114 115 116 119 121 126 128 132 133 134 138 139 146 148 149 150 151 154 158 159 162 165 169 170 172 174 178 180 181 184 187 189 194 196 197 199 200 202 205 207 208 209 211 212 213 218 220 222 223 225 227 228 230 
7 14 19 29 38 49 54 70 75 78 79 87 104 109 122 135 140 143 144 147 166 182 188 198 206 214 219 226 229 
10 16 18 24 31 35 41 48 51 61 65 66 85 86 90 95 96 101 106 113 125 127 129 141 156 163 164 177 183 186 190 192 201 210 215 216 217 221 224 
23 94 
1 4 6 12 20 22 25 27 28 30 40 44 47 52 56 58 62 67 74 80 82 84 88 97 98 108 111 117 118 120 123 124 130 131 136 137 142 145 152 153 155 157 160 161 167 168 171 173 175 176 179 185 191 193 195 203 204 
2 3 5 8 9 11 13 15 17 21 26 32 33 34 36 37 39 42 43 45 46 50 53 55 57 59 60 63 64 68 69 71 72 73 76 77 81 83 89 91 92 93 99 100 102 103 105 107 110 112 114 115 116 119 121 126 128 132 133 134 138 139 146 148 149 150 151 154 158 159 162 165 169 170 172 174 178 180 181 184 187 189 194 196 197 199 200 202 205 207 208 209 211 212 213 218 220 222 223 225 227 228 230 
7 14 19 29 38 49 54 70 75 78 79 87 104 109 122 135 140 143 144 147 166 182 188 198 206 214 219 226 229 
10 16 18 24 31 35 41 48 51 61 65 66 85 86 90 95 96 101 106 113 125 127 129 141 156 163 164 177 183 186 190 192 201 210 215 216 217 221 224 
23 94 
1 4 6 12 20 22 25 27 28 30 40 44 47 52 56 58 62 67 74 80 82 84 88 97 98 108 111 117 118 120 123 124 130 131 136 137 142 145 152 153 155 157 160 161 167 168 171 173 175 176 179 185 191 193 195 203 204 
2 3 5 8 9 11 13 15 17 21 26 32 33 34 36 37 39 42 43 45 46 50 53 55 57 59 60 63 64 68 69 71 72 73 76 77 81 83 89 91 92 93 99 100 102 103 105 107 110 112 114 115 116 119 121 126 128 132 133 134 138 139 146 148 149 150 151 154 158 159 162 165 169 170 172 174 178 180 181 184 187 189 194 196 197 199 200 202 205 207 208 209 211 212 213 218 220 222 223 225 227 228 230 
7 14 19 29 38 49 54 70 75 78 79 87 104 109 122 135 140 143 144 147 166 182 188 198 206 214 219 226 229 
10 16 18 24 31 35 41 48 51 61 65 66 85 86 90 95 96 101 106 113 125 127 129 141 156 163 164 177 183 186 190 192 201 210 215 216 217 221 224 
23 94 
1 4 6 12 20 22 25 27 28 30 40 44 47 52 56 58 62 67 74 80 82 84 88 97 98 108 111 117 118 120 123 124 130 131 136 137 142 145 152 153 155 157 160 161 167 168 171 173 175 176 179 185 191 193 195 203 204 
2 3 5 8 9 11 13 15 17 21 26 32 33 34 36 37 39 42 43 45 46 50 53 55 57 59 60 63 64 68 69 71 72 73 76 77 81 83 89 91 92 93 99 100 102 103 105 107 110 112 114 115 116 119 121 126 128 132 133 134 138 139 146 148 149 150 151 154 158 159 162 165 169 170 172 174 178 180 181 184 187 189 194 196 197 199 200 202 205 207 208 209 211 212 213 218 220 222 223 225 227 228 230 
7 14 19 29 38 49 54 70 75 78 79 87 104 109 122 135 140 143 144 147 166 182 188 198 206 214 219 226 229 
10 16 18 24 31 35 41 48 51 61 65 66 85 86 90 95 96 101 106 113 125 127 129 141 156 163 164 177 183 186 190 192 201 210 215 216 217 221 224 
23 94 
1 4 6 12 20 22 25 27 28 30 40 44 47 52 56 58 62 67 74 80 82 84 88 97 98 108 111 117 118 120 123 124 130 131 136 137 142 145 152 153 155 157 160 161 167 168 171 173 175 176 179 185 191 193 195 203 204 
2 3 5 8 9 11 13 15 17 21 26 32 33 34 36 37 39 42 43 45 46 50 53 55 57 59 60 63 64 68 69 71 72 73 76 77 81 83 89 91 92 93 99 100 102 103 105 107 110 112 114 115 116 119 121 126 128 132 133 134 138 139 146 148 149 150 151 154 158 159 162 165 169 170 172 174 178 180 181 184 187 189 194 196 197 199 200 202 205 207 208 209 211 212 213 218 220 222 223 225 227 228 230 
7 14 19 29 38 49 54 70 75 78 79 87 104 109 122 135 140 143 144 147 166 182 188 198 206 214 219 226 229 
10 16 18 24 31 35 41 48 51 61 65 66 85 86 90 95 96 101 106 113 125 127 129 141 156 163 164 177 183 186 190 192 201 210 215 216 217 221 224 
23 94 
1 4 6 12 20 22 25 27 28 30 40 44 47 52 56 58 62 67 74 80 82 84 88 97 98 108 111 117 118 120 123 124 130 131 136 137 142 145 152 153 155 157 160 161 167 168 171 173 175 176 179 185 191 193 195 203 204 
2 3 5 8 9 11 13 15 17 21 26 32 33 34 36 37 39 42 43 45 46 50 53 55 57 59 60 63 64 68 69 71 72 73 76 77 81 83 89 91 92 93 99 100 102 103 105 107 110 112 114 115 116 119 121 126 128 132 133 134 138 139 146 148 149 150 151 154 158 159 162 165 169 170 172 174 178 180 181 184 187 189 194 196 197 199 200 202 205 207 208 209 211 212 213 218 220 222 223 225 227 228 230 
7 14 19 29 38 49 54 70 75 78 79 87 104 109 122 135 140 143 144 147 166 182 188 198 206 214 219 226 229 
10 16 18 24 31 35 41 48 51 61 65 66 85 86 90 95 96 101 106 113 125 127 129 141 156 163 164 177 183 186 190 192 201 210 215 216 217 221 224 
23 94 
1 4 6 12 20 22 25 27 28 30 40 44 47 52 56 58 62 67 74 80 82 84 88 97 98 108 111 117 118 120 123 124 130 131 136 137 142 145 152 153 155 157 160 161 167 168 171 173 175 176 179 185 191 193 195 203 204 
2 3 5 8 9 11 13 15 17 21 26 32 33 34 36 37 39 42 43 45 46 50 53 55 57 59 60 63 64 68 69 71 72 73 76 77 81 83 89 91 92 93 99 100 102 103 105 107 110 112 114 115 116 119 121 126 128 132 133 134 138 139 146 148 149 150 151 154 158 159 162 165 169 170 172 174 178 180 181 184 187 189 194 196 197 199 200 202 205 207 208 209 211 212 213 218 220 222 223 225 227 228 230 
7 14 19 29 38 49 54 70 75 78 79 87 104 109 122 135 140 143 144 147 166 182 188 198 206 214 219 226 229 
10 16 18 24 31 35 41 48 51 61 65 66 85 86 90 95 96 101 106 113 125 127 129 141 156 163 164 177 183 186 190 192 201 210 215 216 217 221 224 
23 94 
1 4 6 12 20 22 25 27 28 30 40 44 47 52 56 58 62 67 74 80 82 84 88 97 98 108 111 117 118 120 123 124 130 131 136 137 142 145 146 152 153 155 157 160 161 167 168 171 173 175 176 179 185 191 193 195 203 204 
2 3 5 8 9 11 13 15 17 21 26 32 33 34 36 37 39 42 43 45 46 50 53 55 57 59 60 63 64 68 69 71 72 73 76 77 81 83 89 91 92 93 99 100 102 103 105 107 110 112 114 115 116 119 121 126 128 132 133 134 138 139 148 149 150 151 154 158 159 162 165 169 170 172 174 178 180 181 184 187 189 194 196 197 199 200 202 205 207 208 209 211 212 213 218 220 222 223 225 227 228 230 
7 14 19 29 38 49 54 70 75 78 79 87 104 109 122 135 140 143 144 147 166 182 188 198 206 214 219 226 229 
10 16 18 24 31 35 41 48 51 61 65 66 85 86 90 95 96 101 106 113 125 127 129 141 156 163 164 177 183 186 190 192 201 210 215 216 217 221 224 
23 94 
1 4 6 12 16 20 22 24 25 27 28 30 40 44 47 51 52 56 58 62 67 74 80 82 84 86 88 97 98 108 111 117 118 120 123 124 130 131 136 137 142 145 146 152 153 155 157 160 161 167 168 171 173 175 176 177 179 185 191 193 195 203 204 215 
2 3 5 8 9 11 13 15 17 21 26 32 33 34 36 37 39 42 43 45 46 50 53 55 57 59 60 63 64 68 69 71 72 73 76 77 81 83 89 91 92 93 99 100 102 103 105 107 110 112 114 115 116 119 121 126 128 132 133 134 138 139 148 149 150 151 154 158 159 162 165 169 170 172 174 178 180 181 184 187 189 194 196 197 199 200 202 205 207 208 209 211 212 213 218 220 222 223 225 227 228 230 
7 14 19 29 38 41 48 49 54 65 70 75 78 79 85 87 90 104 109 113 122 125 127 135 140 143 144 147 166 182 188 198 201 206 214 219 226 229 
10 18 31 35 61 66 95 96 101 106 129 141 156 163 164 183 186 190 192 210 216 217 221 224 
23 94 
1 4 6 12 16 20 22 24 25 27 28 30 40 44 47 51 52 56 58 62 67 74 80 82 84 86 88 97 98 108 111 117 118 120 123 124 130 131 136 137 142 145 146 152 153 155 157 160 161 167 168 171 173 175 176 177 179 185 191 193 195 203 204 215 
2 3 5 8 9 11 13 15 17 21 26 32 33 34 36 37 39 42 43 45 46 50 53 55 57 59 60 63 64 68 69 70 71 72 73 76 77 81 83 89 91 92 93 99 100 102 103 105 107 110 112 114 115 116 119 121 126 128 132 133 134 138 139 148 149 150 151 154 158 159 162 165 169 170 172 174 178 180 181 184 187 189 194 196 197 199 200 202 205 207 208 209 211 212 213 218 220 222 223 225 227 228 230 
7 14 19 29 38 41 48 49 54 65 75 78 79 85 87 90 104 109 113 122 125 127 135 140 143 144 147 166 182 188 198 201 206 214 219 226 229 
10 18 31 35 61 66 95 96 101 106 129 141 156 163 164 183 186 190 192 210 216 217 221 224 
23 94 
1 4 6 12 16 20 22 24 25 27 28 30 40 44 47 51 52 56 58 62 67 74 80 82 84 86 88 97 98 108 111 117 118 120 124 130 131 136 137 145 146 153 155 157 160 161 167 168 171 173 175 176 177 179 185 191 193 195 203 204 215 
2 3 5 8 9 11 13 15 17 21 26 32 33 34 36 37 39 42 43 45 46 50 53 55 57 59 60 63 64 68 69 70 71 72 73 76 77 81 83 89 91 92 93 99 100 102 103 105 107 110 112 114 115 116 119 121 126 128 132 133 134 138 139 148 149 150 151 154 158 159 162 165 169 170 172 174 178 180 181 184 187 189 194 196 197 199 200 202 205 207 208 209 211 212 213 218 220 222 223 225 227 228 230 
7 14 19 29 38 41 48 49 54 65 75 78 79 85 87 90 104 109 113 122 125 127 135 140 143 144 147 166 182 188 198 201 206 214 219 226 229 
10 18 31 35 61 66 95 96 101 106 123 129 141 142 152 156 163 164 183 186 190 192 210 216 217 221 224 
23 94 
1 4 6 12 16 20 22 24 25 27 28 30 40 44 47 51 52 56 58 62 67 74 80 82 84 86 88 97 98 108 111 117 118 120 124 130 131 136 137 145 146 153 155 157 160 161 164 167 168 171 173 175 176 177 179 183 185 191 193 195 203 204 208 215 217 
2 3 5 8 9 11 13 15 17 21 26 32 33 34 36 37 39 42 43 45 46 50 53 55 57 59 60 63 64 68 69 70 71 72 73 76 77 81 83 89 91 92 93 99 100 102 103 105 107 110 112 114 115 116 119 121 126 128 132 133 134 138 139 148 149 150 151 154 158 159 162 165 169 170 172 174 178 180 181 184 187 189 194 196 197 199 200 202 205 207 209 211 212 213 218 220 222 223 225 227 228 230 
7 14 19 29 38 41 48 49 54 65 75 78 79 85 87 90 104 109 113 122 125 127 135 140 143 144 147 166 182 188 198 201 206 214 219 226 229 
10 18 31 35 61 66 95 96 101 106 123 129 141 142 152 156 163 186 190 192 210 216 221 224 
23 94 
1 4 6 12 16 22 24 25 27 28 30 40 44 47 51 52 56 58 62 67 74 80 82 84 86 88 97 98 108 111 117 118 120 124 130 131 136 137 145 146 153 155 157 160 161 164 167 168 171 173 175 176 177 179 183 185 191 193 195 203 204 208 215 217 
2 3 5 8 9 11 13 15 17 21 26 32 33 34 36 37 39 42 43 45 46 50 53 55 57 59 60 63 64 68 69 70 71 72 73 76 77 81 83 89 91 92 93 99 100 102 103 105 107 110 112 114 115 116 119 121 126 128 132 133 134 138 139 148 149 150 151 154 158 159 162 165 169 170 172 174 178 180 181 184 187 189 194 196 197 199 200 202 205 207 209 211 212 213 218 220 222 223 225 227 228 230 
7 14 19 20 29 38 41 48 49 54 65 75 78 79 85 87 90 104 109 113 122 125 127 135 140 143 144 147 166 182 188 198 201 206 214 219 226 229 
10 18 31 35 61 66 95 96 101 106 123 129 141 142 152 156 163 186 190 192 210 216 221 224 
23 94 
1 4 6 12 16 22 24 25 27 28 30 40 44 47 51 52 56 58 62 67 74 80 82 84 86 88 97 98 108 111 117 118 120 124 130 131 136 137 145 146 153 155 157 160 161 164 167 168 171 173 175 176 177 179 183 185 191 193 195 203 204 208 215 217 
2 3 5 8 9 11 13 15 17 21 26 32 33 34 36 37 39 42 43 45 46 50 53 55 57 59 60 63 64 68 69 70 71 72 73 76 77 81 83 89 91 92 93 99 100 102 103 105 107 110 112 114 115 116 119 121 126 128 132 133 134 138 139 148 149 150 151 154 158 159 162 165 169 170 172 174 178 180 181 184 187 189 194 196 197 199 200 202 205 207 209 211 212 213 218 220 222 223 225 227 228 230 
7 14 19 20 29 38 41 48 49 54 65 75 78 79 85 87 90 104 109 113 122 125 127 135 140 143 144 147 166 182 188 198 201 206 214 219 226 229 
10 18 31 35 61 66 95 96 101 106 123 129 141 142 152 156 163 186 190 192 210 216 221 224 
23 94 
1 4 6 12 16 22 24 25 27 28 30 31 40 44 47 51 52 56 58 62 67 74 80 82 84 86 88 97 98 108 111 117 118 120 124 130 131 136 137 145 146 153 155 157 160 161 164 167 168 171 173 175 176 177 179 183 185 191 193 195 203 204 208 215 217 
2 3 5 8 9 11 13 15 17 21 26 32 33 34 36 37 39 42 43 45 46 50 53 55 57 59 60 63 64 68 69 70 71 72 73 76 77 81 83 89 91 92 93 99 100 102 103 105 107 110 112 114 115 116 119 121 126 128 132 133 134 138 139 148 149 150 151 154 158 159 162 165 169 170 172 174 178 180 181 184 187 189 194 196 197 199 200 202 205 207 209 211 212 213 218 220 222 223 225 227 228 230 
7 14 19 20 29 38 41 48 49 54 65 75 78 79 85 87 90 104 109 113 122 125 127 135 140 143 144 147 166 182 188 198 201 206 214 219 226 229 
10 18 35 61 66 95 96 101 106 123 129 141 142 152 156 163 186 190 192 210 216 221 224 
23 94 
1 4 6 7 12 14 16 19 20 22 24 25 27 28 29 30 31 38 40 41 44 47 48 49 51 52 54 56 58 62 65 67 74 75 78 79 80 82 84 85 86 87 88 90 97 98 104 108 109 111 113 117 118 120 122 124 125 127 130 131 135 136 137 140 143 144 145 146 147 153 155 157 160 161 164 166 167 168 171 173 175 176 177 179 182 183 185 188 191 193 195 198 201 203 204 206 208 214 215 217 219 226 229 
2 3 5 8 9 11 13 15 17 21 26 32 33 34 36 37 39 42 43 45 46 50 53 55 57 59 60 63 64 68 69 70 71 72 73 76 77 81 83 89 91 92 93 99 100 102 103 105 107 110 112 114 115 116 119 121 126 128 132 133 134 138 139 148 149 150 151 154 158 159 162 165 169 170 172 174 178 180 181 184 187 189 194 196 197 199 200 202 205 207 209 211 212 213 218 220 222 223 225 227 228 230 
10 18 35 61 66 95 96 101 106 123 129 141 142 152 156 163 186 190 192 210 216 221 224 
23 94 
1 4 6 7 12 14 16 19 20 22 24 25 27 28 29 30 31 40 41 44 47 48 49 51 52 54 56 58 62 65 67 74 75 78 79 80 82 84 85 86 88 90 97 98 104 108 109 111 113 117 118 120 122 124 125 127 130 131 135 136 137 140 143 144 145 146 147 153 155 157 160 161 164 166 167 168 171 173 175 176 177 179 182 183 185 188 191 193 195 198 201 203 204 206 208 214 215 217 219 226 
2 3 5 8 9 11 13 15 17 21 26 32 33 34 36 37 38 39 42 43 45 46 50 53 55 57 59 60 63 64 68 69 70 71 72 73 76 77 81 83 87 89 91 92 93 99 100 102 103 105 107 110 112 114 115 116 119 121 126 128 132 133 134 138 139 148 149 150 151 154 158 159 162 165 169 170 172 174 178 180 181 184 187 189 194 196 197 199 200 202 205 207 209 211 212 213 218 220 222 223 225 227 228 229 230 
10 18 35 61 66 95 96 101 106 123 129 141 142 152 156 163 186 190 192 210 216 221 224 
23 94 
1 4 6 7 12 14 19 20 22 25 27 28 29 31 40 44 47 48 49 52 54 56 58 62 65 67 74 78 79 80 82 84 85 86 88 90 97 98 104 108 109 111 113 117 118 120 122 124 125 127 130 131 135 136 137 140 143 144 145 146 147 153 155 157 160 161 164 166 167 168 171 173 175 176 177 179 182 183 185 188 191 193 195 198 201 203 204 206 208 214 217 219 226 
2 3 5 8 9 11 13 15 16 17 21 24 26 30 32 33 34 36 37 38 39 41 42 43 45 46 50 51 53 55 57 59 60 63 64 68 69 70 71 72 73 75 76 77 81 83 87 89 91 92 93 99 100 102 103 105 107 110 112 114 115 116 119 121 126 128 132 133 134 138 139 148 149 150 151 154 158 159 162 165 169 170 172 174 178 180 181 184 187 189 194 196 197 199 200 202 205 207 209 211 212 213 215 218 220 222 223 225 227 228 229 230 
10 18 35 61 66 95 96 101 106 123 129 141 142 152 156 163 186 190 192 210 216 221 224 
23 94 
1 4 7 12 14 19 20 22 25 27 29 31 40 44 47 48 49 52 54 56 58 65 67 74 78 79 80 82 84 85 86 88 90 97 98 104 108 109 111 113 117 118 120 122 124 125 127 130 131 135 136 137 140 143 144 145 147 153 157 161 164 166 167 168 171 173 175 176 177 179 182 183 185 188 191 193 195 198 201 203 204 206 208 214 217 219 226 
2 3 5 8 9 11 13 15 16 17 21 24 26 30 32 33 34 36 37 38 39 41 42 43 45 46 50 51 53 55 57 59 60 63 64 68 69 70 71 72 73 75 76 77 81 83 87 89 91 92 93 99 100 102 103 105 107 110 112 114 115 116 119 121 126 128 132 133 134 138 139 148 149 150 151 154 158 159 162 165 169 170 172 174 178 180 181 184 187 189 194 196 197 199 200 202 205 207 209 211 212 213 215 218 220 222 223 225 227 228 229 230 
6 10 18 28 35 61 62 66 95 96 101 106 123 129 141 142 146 152 155 156 160 163 186 190 192 210 216 221 224 
23 94 
1 4 7 12 14 19 20 22 25 27 29 31 40 44 47 48 49 52 54 56 58 65 67 74 78 79 80 82 84 85 86 88 90 97 98 104 108 109 111 113 117 118 120 122 124 125 127 130 131 135 136 137 140 143 144 145 147 153 157 161 164 166 167 168 171 173 175 176 177 179 182 183 185 188 191 193 195 198 201 203 204 206 208 214 217 219 226 
2 3 5 8 9 11 13 15 16 17 21 24 26 30 32 33 34 36 37 38 39 41 42 43 45 46 50 51 53 55 57 59 60 63 64 68 69 70 71 72 73 75 76 77 81 83 87 89 91 92 93 99 100 102 103 105 107 110 112 114 115 116 119 121 126 128 132 133 134 138 139 148 149 150 151 154 158 159 162 165 169 170 172 174 178 180 181 184 187 189 194 196 197 199 200 202 205 207 209 211 212 213 215 218 220 222 223 225 227 228 229 230 
6 10 18 28 35 61 62 66 95 96 101 106 123 129 141 142 146 152 155 156 160 163 186 190 192 210 216 221 224 
23 94 
1 4 12 14 20 22 25 27 29 31 40 44 47 52 56 58 67 74 78 79 80 82 84 86 88 90 97 98 104 108 109 111 117 118 120 122 124 127 130 131 136 137 140 144 145 153 157 161 164 167 168 171 173 175 176 177 179 182 183 185 188 191 193 195 198 203 204 206 208 214 217 219 226 
2 3 5 8 9 11 13 15 16 17 21 24 26 30 32 33 34 36 37 38 39 41 42 43 45 46 50 51 53 55 57 59 60 63 64 68 69 70 71 72 73 75 76 77 81 83 87 89 91 92 93 99 100 102 103 105 107 110 112 114 115 116 119 121 126 128 132 133 134 138 139 148 149 150 151 154 158 159 162 165 169 170 172 174 178 180 181 184 187 189 194 196 197 199 200 202 205 207 209 211 212 213 215 218 220 222 223 225 227 228 229 230 
6 10 18 28 35 61 62 66 95 96 101 106 123 129 141 142 146 152 155 156 160 163 186 190 192 210 216 221 224 
7 19 48 49 54 65 85 113 125 135 143 147 166 201 
23 94 
1 4 12 14 20 22 25 27 29 31 40 44 47 52 56 58 67 74 78 79 80 82 84 86 88 90 97 98 104 108 109 111 117 118 120 122 124 127 130 131 136 137 140 144 145 153 157 161 164 167 168 171 173 175 176 177 179 182 183 185 188 191 193 195 198 203 204 206 208 214 217 219 226 
2 3 5 8 9 11 13 15 16 17 21 24 26 30 32 33 34 36 37 38 39 41 42 43 45 46 50 51 53 55 57 59 60 63 64 68 69 70 71 72 73 75 76 77 81 83 87 89 91 92 93 99 100 102 103 105 107 110 112 114 115 116 119 121 126 128 132 133 134 138 139 148 149 150 151 154 158 159 162 165 169 170 172 174 178 180 181 184 187 189 194 196 197 199 200 202 205 207 209 211 212 213 215 218 220 222 223 225 227 228 229 230 
6 10 18 28 35 61 62 66 95 96 101 106 123 129 141 142 146 152 155 156 163 186 190 192 210 216 221 224 
7 19 48 49 54 65 85 113 125 135 143 147 160 166 201 
23 94 
1 4 12 14 20 22 25 27 29 31 40 44 47 52 56 58 67 74 78 79 80 82 84 86 88 90 97 98 104 108 109 111 117 118 120 122 124 127 130 131 136 137 140 144 145 153 157 161 164 167 168 171 173 175 176 177 179 182 183 185 188 191 193 195 198 203 204 206 208 214 217 219 226 
2 3 5 8 9 11 13 15 16 17 21 24 26 30 32 33 34 36 37 38 39 41 42 43 45 46 50 51 53 55 57 59 60 63 64 68 69 70 71 72 73 75 76 77 81 83 87 89 91 92 93 99 100 102 103 105 107 110 112 114 115 116 119 121 126 128 132 133 134 138 139 148 149 150 151 154 158 159 162 165 169 170 172 174 178 180 181 184 187 189 194 196 197 199 200 202 205 207 209 211 212 213 215 218 220 222 223 225 227 228 229 230 
6 10 18 28 35 61 62 66 95 96 101 106 123 129 141 142 146 152 155 156 163 186 190 192 210 216 221 224 
7 19 48 49 54 65 85 113 125 135 143 147 160 166 201 
23 94 
1 4 7 12 14 19 20 22 25 27 29 31 40 44 47 48 49 52 54 56 58 65 67 74 78 79 80 82 84 85 86 88 90 97 98 104 108 109 111 113 117 118 120 122 124 125 127 130 131 135 136 140 143 144 145 147 153 157 160 161 164 166 167 168 171 175 176 177 179 182 183 185 188 193 198 201 203 204 206 208 214 217 219 226 
2 3 5 8 9 11 13 15 16 17 21 24 26 30 32 33 34 36 37 38 39 41 42 43 45 46 50 51 53 55 57 59 60 63 64 68 69 70 71 72 73 75 76 77 81 83 87 89 91 92 93 99 100 102 103 105 107 110 112 114 115 116 119 121 126 128 132 133 134 138 139 148 149 150 151 154 158 159 162 165 169 170 172 174 178 180 181 184 187 189 194 196 197 199 200 202 205 207 209 211 212 213 215 218 220 222 223 225 227 228 229 230 
6 10 18 28 35 61 62 66 95 96 101 106 123 129 137 141 142 146 152 155 156 163 173 186 190 191 192 195 210 216 221 224 
23 94 
1 4 7 12 14 19 20 22 25 27 29 31 40 44 47 48 49 52 54 56 58 65 67 74 78 79 80 82 84 85 86 88 90 97 98 104 108 109 111 113 117 118 122 124 125 127 130 131 135 136 140 143 144 145 147 153 157 160 161 164 166 167 168 171 175 176 177 179 182 183 185 188 193 198 201 203 204 206 208 214 217 219 226 
2 3 5 8 9 11 13 15 16 17 21 24 26 30 32 33 34 36 37 38 39 41 42 43 45 46 50 51 53 55 57 59 60 63 64 68 69 70 71 72 73 75 76 77 81 83 87 89 91 92 93 99 100 102 103 105 107 110 112 114 115 116 119 120 121 126 128 132 133 134 138 139 148 149 150 151 154 158 159 162 165 169 170 172 174 178 180 181 184 187 189 194 196 197 199 200 202 205 207 209 211 212 213 215 218 220 222 223 225 227 228 229 230 
6 10 18 28 35 61 62 66 95 96 101 106 123 129 137 141 142 146 152 155 156 163 173 186 190 191 192 195 210 216 221 224 
23 94 
1 4 7 12 14 19 20 22 25 27 29 31 40 44 47 48 49 52 54 56 58 65 67 74 78 79 80 82 84 85 86 88 90 97 98 104 108 109 111 113 117 118 122 124 125 127 130 131 135 136 140 143 144 145 147 153 157 160 161 164 166 167 168 171 175 176 177 179 182 183 185 188 193 198 201 203 204 206 208 214 217 219 226 
2 3 5 8 9 11 13 15 16 17 21 24 26 30 32 33 34 36 37 38 39 41 42 43 45 46 50 51 53 55 57 59 60 63 64 68 69 70 71 72 73 75 76 77 81 83 87 89 91 92 93 99 100 102 103 105 107 110 112 114 115 116 119 120 121 126 128 132 133 134 138 139 148 149 150 151 154 158 159 162 165 169 170 172 174 178 180 181 184 187 189 194 196 197 199 200 202 205 207 209 211 212 213 215 218 220 222 223 225 227 228 229 230 
6 10 18 28 35 61 62 66 95 96 101 106 123 129 137 141 142 146 152 155 156 163 173 186 190 191 192 195 210 216 221 224 
23 94 
1 7 19 48 49 54 65 85 90 97 113 125 127 135 143 145 147 160 164 166 183 201 217 
2 3 5 8 9 11 13 15 16 17 21 24 26 30 32 33 34 36 37 38 39 41 42 43 45 46 50 51 53 55 57 59 60 63 64 68 69 70 71 72 73 75 76 77 81 83 87 89 91 92 93 99 100 102 103 105 107 110 112 114 115 116 119 120 121 126 128 132 133 134 138 139 148 149 150 151 154 158 159 162 165 169 170 172 174 178 180 181 184 187 189 194 196 197 199 200 202 205 207 209 211 212 213 215 218 220 222 223 225 227 228 229 230 
4 6 10 12 14 18 20 22 25 27 28 29 31 35 40 44 47 52 56 58 61 62 66 67 74 78 79 80 82 84 86 88 95 96 98 101 104 106 108 109 111 117 118 122 123 124 129 130 131 136 137 140 141 142 144 146 152 153 155 156 157 161 163 167 168 171 173 175 176 177 179 182 185 186 188 190 191 192 193 195 198 203 204 206 208 210 214 216 219 221 224 226 
23 94 
1 7 19 48 49 54 65 85 90 97 113 125 127 135 143 145 147 160 164 166 183 201 217 
2 3 4 5 8 9 13 15 16 17 21 24 26 30 32 33 34 36 37 38 39 41 42 43 45 46 50 51 53 55 57 59 60 63 64 68 69 70 71 72 73 75 76 77 81 83 87 89 91 92 93 98 99 100 102 103 105 107 110 112 114 115 116 119 120 121 126 128 132 133 134 138 139 148 149 150 151 154 158 159 162 165 169 170 172 174 178 180 181 184 187 189 194 196 197 199 200 202 205 207 209 211 212 213 215 218 220 222 223 225 227 228 229 230 
6 10 11 12 14 18 20 22 25 27 28 29 31 35 40 44 47 52 56 58 61 62 66 67 74 78 79 80 82 84 86 88 95 96 101 104 106 108 109 111 117 118 122 123 124 129 130 131 136 137 140 141 142 144 146 152 153 155 156 157 161 163 167 168 171 173 175 176 177 179 182 185 186 188 190 191 192 193 195 198 203 204 206 208 210 214 216 219 221 224 226 
23 94 
1 7 12 19 27 31 40 47 48 49 54 56 58 65 67 80 82 84 85 88 90 97 108 113 118 125 127 130 131 135 143 145 147 153 157 160 164 166 168 171 176 179 183 185 193 201 203 204 217 
2 3 4 5 8 9 13 15 16 17 21 24 26 30 32 33 34 36 37 38 39 41 42 43 45 46 50 51 53 55 57 59 60 63 64 68 69 70 71 72 73 75 76 77 81 83 87 89 91 92 93 98 99 100 102 103 105 107 110 112 114 115 116 119 120 121 126 128 132 133 134 137 138 139 148 149 150 151 154 158 159 162 165 169 170 172 173 174 178 180 181 184 187 189 191 194 195 196 197 199 200 202 205 207 209 211 212 213 215 218 220 222 223 225 227 228 229 230 
6 10 11 14 18 20 22 25 28 29 35 44 52 61 62 66 74 78 79 86 95 96 101 104 106 109 111 117 122 123 124 129 136 140 141 142 144 146 152 155 156 161 163 167 175 177 182 186 188 190 192 198 206 208 210 214 216 219 221 224 226 
23 94 
1 7 12 19 27 31 40 47 48 49 54 56 58 65 67 80 82 84 85 88 90 97 108 113 118 125 127 130 131 135 143 145 147 153 157 160 164 166 168 171 176 179 183 185 193 201 203 204 217 
2 3 4 5 8 9 13 15 16 17 21 24 26 30 32 33 34 36 37 38 39 41 42 43 45 46 50 51 53 55 57 59 60 63 64 68 69 70 71 72 73 75 76 77 81 83 87 89 91 92 93 98 99 100 102 103 105 107 110 112 114 115 116 119 120 121 126 128 132 133 134 137 138 139 148 149 150 151 154 158 159 162 165 169 170 172 173 174 178 180 181 184 187 189 191 194 195 196 197 199 200 202 205 207 209 211 212 213 215 218 220 222 223 225 227 228 229 230 
6 10 11 14 18 20 22 25 28 29 35 44 52 61 62 66 74 78 79 86 95 96 101 104 106 109 111 117 122 123 124 129 136 140 141 142 144 146 152 155 156 161 163 167 175 177 182 186 188 190 192 198 206 208 210 214 216 219 221 224 226 
23 94 
1 7 12 19 27 31 40 47 48 49 54 56 58 65 67 80 82 84 85 88 90 97 108 113 118 125 127 130 131 135 143 145 147 153 157 160 164 166 168 171 176 179 183 185 193 201 203 204 217 
2 3 4 5 8 9 13 15 16 17 21 24 26 30 32 33 34 36 37 38 39 41 42 43 45 46 50 51 53 55 57 59 60 63 64 68 69 70 71 72 73 75 76 77 81 83 87 89 91 92 93 98 99 100 102 103 105 107 110 112 114 115 116 119 120 121 126 128 132 133 134 137 138 139 148 149 150 151 154 158 159 162 165 169 170 172 173 174 178 180 181 184 187 189 191 194 195 196 199 200 202 205 207 209 211 212 213 215 218 220 222 223 225 227 228 229 230 
6 10 11 14 18 20 22 25 28 29 35 44 52 61 62 66 74 78 79 86 95 96 101 104 106 109 111 117 122 123 124 129 136 140 141 142 144 146 152 155 156 161 163 167 175 177 182 186 188 190 192 197 198 206 208 210 214 216 219 221 224 226 
23 94 
1 7 12 19 27 31 40 47 48 49 54 56 58 65 67 80 82 84 85 88 90 97 108 113 118 125 127 130 131 135 143 145 147 153 157 160 164 166 168 171 176 179 183 185 193 201 203 204 217 
2 3 4 5 8 9 13 15 16 17 21 24 26 30 32 33 34 36 37 38 39 41 42 43 45 46 50 51 53 55 57 59 60 63 64 68 69 70 71 72 73 75 76 77 81 83 87 89 91 92 93 98 99 100 102 103 105 107 110 112 114 115 116 119 120 121 126 128 132 133 134 137 138 139 148 149 150 151 154 158 159 162 165 169 170 172 173 174 178 180 181 184 187 189 191 194 195 196 199 200 202 205 207 209 211 212 213 215 218 220 222 223 225 227 228 229 230 
6 10 11 14 18 20 22 25 28 29 35 44 52 61 62 66 74 78 79 86 95 96 101 104 106 109 111 117 122 123 124 129 136 140 141 142 144 146 152 155 156 161 163 167 175 177 182 186 188 190 192 197 198 206 208 210 214 216 219 221 224 226 
23 94 
1 7 19 40 48 49 54 65 85 90 97 113 125 127 135 143 145 147 160 164 166 183 201 217 
2 3 4 5 8 9 12 13 15 16 17 21 24 26 27 30 31 32 33 34 36 37 38 39 41 42 43 45 46 47 50 51 53 55 56 57 58 59 60 63 64 67 68 69 70 71 72 73 75 76 77 80 81 82 83 84 87 88 89 91 92 93 98 99 100 102 103 105 107 108 110 112 114 115 116 118 119 120 121 126 128 130 131 132 133 134 137 138 139 148 149 150 151 153 154 157 158 159 162 165 168 169 170 171 172 173 174 176 178 179 180 181 184 185 187 189 191 193 194 195 196 199 200 202 203 204 205 207 209 211 212 213 215 218 220 222 223 225 227 228 229 230 
6 10 11 14 18 20 22 25 28 29 35 44 52 61 62 66 74 78 79 86 95 96 101 104 106 109 111 117 122 123 124 129 136 140 141 142 144 146 152 155 156 161 163 167 175 177 182 186 188 190 192 197 198 206 208 210 214 216 219 221 224 226 
23 94 
1 7 19 40 48 49 54 65 85 90 97 113 125 127 135 143 145 147 160 164 166 183 201 217 
2 32 33 51 57 59 60 69 70 83 93 99 128 134 137 154 159 162 169 172 173 181 184 191 195 200 205 213 218 223 227 
3 4 5 8 9 12 13 15 16 17 21 24 26 27 30 31 34 36 37 38 39 41 42 43 45 46 47 50 53 55 56 58 63 64 67 68 71 72 73 75 76 77 80 81 82 84 87 88 89 91 92 98 100 102 103 105 107 108 110 112 114 115 116 118 119 120 121 126 130 131 132 133 138 139 148 149 150 151 153 157 158 165 168 170 171 174 176 178 179 180 185 187 189 193 194 196 199 202 203 204 207 209 211 212 215 220 222 225 228 229 230 
6 10 11 14 18 20 22 25 28 29 35 44 52 61 62 66 74 78 79 86 95 96 101 104 106 109 111 117 122 123 124 129 136 140 141 142 144 146 152 155 156 161 163 167 175 177 182 186 188 190 192 197 198 206 208 210 214 216 219 221 224 226 
23 94 
1 7 19 40 48 49 54 65 85 90 97 113 125 127 135 143 147 160 164 166 183 201 217 
2 32 33 51 57 59 60 69 70 83 93 99 128 134 137 154 159 162 169 172 173 181 184 191 195 200 205 213 218 223 227 
3 4 5 8 9 11 12 13 15 16 17 21 24 26 27 30 31 34 36 37 38 39 41 42 43 45 46 47 50 53 55 56 58 63 64 67 68 71 72 73 75 76 77 80 81 82 84 87 88 89 91 92 98 100 102 103 105 107 108 110 112 114 115 116 118 119 120 121 126 130 131 132 133 138 139 145 148 149 150 151 153 157 158 165 168 170 171 174 176 178 179 180 185 187 189 193 194 196 199 202 203 204 207 209 211 212 215 220 222 225 228 229 230 
6 10 14 18 20 22 25 28 29 35 44 52 61 62 66 74 78 79 86 95 96 101 104 106 109 111 117 122 123 124 129 136 140 141 142 144 146 152 155 156 161 163 167 175 177 182 186 188 190 192 197 198 206 208 210 214 216 219 221 224 226 
23 94 
1 19 40 48 49 54 65 85 90 97 113 125 127 135 147 160 164 166 183 201 217 
2 32 33 51 57 59 60 63 69 70 83 93 99 128 134 137 154 159 162 165 169 172 173 181 184 191 195 200 205 213 218 223 227 
3 4 5 8 9 11 12 13 15 16 17 21 24 26 27 30 31 34 36 37 38 39 41 42 43 45 46 47 50 53 55 56 58 64 67 68 71 72 73 75 76 77 80 81 82 84 87 88 89 91 92 98 100 102 103 105 107 108 110 112 114 115 116 118 119 120 121 126 130 131 132 133 138 139 145 148 150 151 153 157 158 168 170 171 174 176 178 179 180 185 187 189 193 194 196 199 202 203 204 207 209 211 212 215 220 222 225 228 229 230 
6 7 10 14 18 20 22 25 28 29 35 44 52 61 62 66 74 78 79 86 95 96 101 104 106 109 111 117 122 123 124 129 136 140 141 142 143 144 146 149 152 155 156 161 163 167 175 177 182 186 188 190 192 197 198 206 208 210 214 216 219 221 224 226 
23 94 
1 19 40 48 49 54 65 85 90 97 113 125 127 135 147 160 164 166 183 201 217 
2 12 27 31 32 33 47 51 56 57 58 59 60 63 69 70 80 82 83 84 88 93 99 108 118 128 130 131 134 137 154 157 159 162 165 168 169 171 172 173 176 179 181 184 191 193 195 200 203 204 205 213 218 223 227 
3 4 5 6 7 8 9 10 11 13 14 15 16 17 18 20 21 22 24 25 26 28 29 30 34 35 36 37 38 39 41 42 43 44 45 46 50 52 53 55 61 62 64 66 67 68 71 72 73 74 75 76 77 78 79 81 86 87 89 91 92 95 96 98 100 101 102 103 104 105 106 107 109 110 111 112 114 115 116 117 119 120 121 122 123 124 126 129 132 133 136 138 139 140 141 142 143 144 145 146 148 149 150 151 152 153 155 156 158 161 163 167 170 174 175 177 178 180 182 185 186 187 188 189 190 192 194 196 197 198 199 202 206 207 208 209 210 211 212 214 215 216 219 220 221 222 224 225 226 228 229 230 
23 94 
1 19 40 48 49 54 65 85 90 97 113 125 127 135 147 160 164 166 183 201 217 
2 7 12 20 27 32 33 47 51 56 57 58 59 60 63 69 70 78 79 80 82 83 84 93 96 99 104 106 108 109 118 128 129 130 131 134 137 143 154 156 159 162 163 165 169 171 172 173 176 181 184 186 191 193 195 200 203 205 213 218 221 223 227 229 
3 4 5 6 8 9 10 11 13 14 15 16 17 18 21 22 24 25 26 28 29 30 31 34 35 36 37 38 39 41 42 43 44 45 46 50 52 53 55 61 62 64 66 67 68 71 72 73 74 75 76 77 81 86 87 88 89 91 92 95 98 100 101 102 103 105 107 110 111 112 114 115 116 117 119 120 121 122 123 124 126 132 133 136 138 139 140 141 142 144 145 146 148 149 150 151 152 153 155 157 158 161 167 168 170 174 175 177 178 179 180 182 185 187 188 189 190 192 194 196 197 198 199 202 204 206 207 208 209 210 211 212 214 215 216 219 220 222 224 225 226 228 230 
23 94 
1 19 40 48 49 54 65 85 90 97 113 125 127 135 147 160 164 166 183 201 217 
2 7 12 20 27 32 33 47 51 56 57 58 59 60 63 69 70 78 79 80 82 83 84 93 96 99 104 106 108 109 118 128 129 130 131 134 137 143 154 156 159 162 163 165 169 171 172 173 176 181 184 186 191 193 195 200 203 205 213 218 221 223 227 229 
3 4 5 6 8 9 10 11 13 14 15 16 17 18 21 22 24 25 26 28 29 30 31 34 35 36 37 38 39 41 42 43 44 45 46 50 52 53 55 61 62 64 66 67 68 71 72 73 74 75 76 77 81 86 87 88 89 91 92 95 98 100 101 102 103 105 107 110 111 112 114 115 116 117 119 120 121 122 123 124 126 132 133 136 138 139 140 141 142 144 145 146 148 149 150 151 152 153 155 157 158 161 167 168 170 174 175 177 178 179 180 182 185 187 188 189 190 192 194 196 197 198 199 202 204 206 207 208 209 210 211 212 214 215 216 219 220 222 224 225 226 228 230 
23 94 
1 19 40 48 49 54 65 85 90 97 113 125 127 135 147 160 164 166 183 201 217 
2 7 12 20 27 30 32 33 47 51 56 57 58 59 60 63 68 69 70 78 79 80 82 83 84 91 93 96 99 104 106 108 109 118 128 129 130 131 134 137 143 154 156 159 162 163 165 169 171 172 173 176 181 184 186 191 193 195 200 203 205 213 218 221 223 227 229 
3 4 5 6 8 9 10 11 13 14 15 16 17 18 21 22 24 25 26 28 29 31 34 35 36 37 38 39 41 42 43 44 45 46 50 52 53 55 61 62 64 66 67 71 72 73 74 75 76 77 81 86 87 88 89 92 95 98 100 101 102 103 105 107 110 111 112 114 115 116 117 119 120 121 122 123 124 126 132 133 136 138 139 140 141 142 144 145 146 148 149 150 151 152 153 155 157 158 161 167 168 170 174 175 177 178 179 180 182 185 187 188 189 190 192 194 196 197 198 199 202 204 206 207 208 209 210 211 212 214 215 216 219 220 222 224 225 226 228 230 
23 94 
1 19 40 48 49 54 65 85 90 97 113 125 127 135 147 155 160 164 166 183 201 217 
2 7 12 20 27 30 32 33 47 51 56 57 58 59 60 63 68 69 70 78 79 80 82 83 84 91 93 96 99 104 106 108 109 118 128 129 130 131 134 137 143 154 156 159 162 163 165 169 171 172 173 176 181 184 186 191 193 195 200 203 205 213 218 221 223 227 229 
3 4 5 6 8 9 10 11 13 14 15 16 17 18 21 22 24 25 26 28 29 31 34 35 36 37 38 39 41 42 43 44 45 46 50 52 53 55 61 62 64 66 67 71 72 73 74 75 76 77 81 86 87 88 89 92 95 98 100 101 102 103 105 107 110 111 112 114 115 116 117 119 120 121 122 123 124 126 132 133 136 138 139 140 141 142 144 145 146 148 149 150 151 152 153 157 158 161 167 168 170 174 175 177 178 179 180 182 185 187 188 189 190 192 194 196 197 198 199 202 204 206 207 208 209 210 211 212 214 215 216 219 220 222 224 225 226 228 230 
23 94 
1 19 40 48 49 54 65 85 90 97 113 125 127 135 147 155 160 164 166 183 201 217 
2 7 12 20 27 30 32 33 47 51 56 57 58 59 60 63 68 69 70 78 79 80 82 83 84 91 93 96 99 104 106 108 109 118 128 129 130 131 134 137 143 154 156 159 162 163 165 169 171 172 173 176 181 184 186 191 193 195 200 203 205 213 218 221 223 227 229 
3 5 8 9 11 13 15 16 21 24 26 34 36 37 38 39 41 42 43 45 50 53 55 64 67 71 72 73 76 81 87 89 92 100 102 103 105 110 112 114 115 117 119 120 121 126 132 133 138 139 145 148 150 153 161 174 178 180 185 187 189 194 196 202 207 209 212 215 220 222 225 230 
4 6 10 14 17 18 22 25 28 29 31 35 44 46 52 61 62 66 74 75 77 86 88 95 98 101 107 111 116 122 123 124 136 140 141 142 144 146 149 151 152 157 158 167 168 170 175 177 179 182 188 190 192 197 198 199 204 206 208 210 211 214 216 219 224 226 228 
23 94 
1 19 40 48 49 54 65 85 90 97 113 125 127 135 147 155 160 164 166 183 201 217 
2 7 12 18 20 27 30 32 33 47 51 56 57 58 59 60 63 68 69 70 78 79 80 82 83 84 88 91 93 96 99 101 104 106 108 109 118 128 129 130 131 134 137 154 156 159 162 163 165 168 169 171 172 173 176 181 184 186 191 193 195 200 203 205 210 213 216 218 221 223 227 229 
3 5 8 9 11 13 15 16 21 24 26 34 36 37 38 39 41 42 43 45 50 53 55 64 67 71 72 73 76 81 87 89 92 100 102 103 105 110 112 114 115 117 119 120 121 126 132 133 138 139 143 145 148 150 153 161 174 178 180 185 187 189 194 196 202 207 209 212 215 220 222 225 230 
4 6 10 14 17 22 25 28 29 31 35 44 46 52 61 62 66 74 75 77 86 95 98 107 111 116 122 123 124 136 140 141 142 144 146 149 151 152 157 158 167 170 175 177 179 182 188 190 192 197 198 199 204 206 208 211 214 219 224 226 228 
23 94 
1 19 40 48 49 54 65 85 90 97 113 125 127 135 147 155 160 164 166 183 201 217 
2 30 32 33 57 60 68 83 88 91 99 101 118 128 168 172 184 200 210 218 223 
3 5 7 8 9 11 12 13 15 16 18 20 21 24 26 27 34 36 37 38 39 41 42 43 45 47 50 51 53 55 56 58 59 63 64 67 69 70 71 72 73 76 77 78 79 80 81 82 84 87 89 92 93 96 100 102 103 104 105 106 107 108 109 110 112 114 115 117 119 120 121 126 129 130 131 132 133 134 137 138 139 143 145 148 150 153 154 156 159 161 162 163 165 169 171 173 174 176 178 180 181 185 186 187 189 191 193 194 195 196 202 203 205 207 209 212 213 215 216 220 221 222 225 227 229 230 
4 6 10 14 17 22 25 28 29 31 35 44 46 52 61 62 66 74 75 86 95 98 111 116 122 123 124 136 140 141 142 144 146 149 151 152 157 158 167 170 175 177 179 182 188 190 192 197 198 199 204 206 208 211 214 219 224 226 228 
23 94 
1 19 40 48 49 54 65 85 90 97 113 125 127 135 147 155 160 164 166 183 201 217 
2 30 32 33 57 60 68 83 88 91 99 101 118 128 168 172 184 200 210 218 223 
3 5 7 8 9 11 12 13 15 16 18 20 21 24 26 27 34 36 37 38 39 41 42 43 45 47 50 51 53 55 56 58 59 63 64 67 69 70 71 72 73 76 77 78 79 80 81 82 84 87 89 92 93 96 100 102 103 104 105 106 107 108 109 110 112 114 115 117 119 120 121 126 129 130 131 132 133 134 137 138 139 143 145 148 150 153 154 156 159 161 162 163 165 169 171 173 174 176 178 180 181 185 186 187 189 191 193 194 195 196 202 203 205 207 209 212 213 215 216 220 221 222 225 227 229 230 
4 6 10 14 17 22 25 28 29 31 35 44 46 52 61 62 66 74 75 86 95 98 111 116 122 123 124 136 140 141 142 144 146 149 151 152 157 158 167 170 175 177 179 182 188 190 192 197 198 199 204 206 208 211 214 219 224 226 228 
23 94 
1 19 40 48 49 54 65 85 90 97 113 125 127 135 147 155 160 164 166 183 201 217 
2 7 30 32 33 57 60 68 83 88 91 99 101 118 128 163 168 172 184 200 210 218 223 
3 5 8 9 11 13 15 16 18 20 21 24 26 27 34 36 37 38 39 41 42 43 45 47 50 51 53 55 56 58 59 63 64 67 69 70 71 72 73 76 77 78 79 80 81 82 84 87 89 92 93 100 102 103 104 105 107 108 109 110 112 114 115 117 119 120 121 126 130 131 132 133 134 137 138 139 143 145 148 150 153 154 159 161 162 165 169 173 174 176 178 180 181 185 187 189 191 193 194 195 196 202 203 205 207 209 212 213 215 216 220 222 225 227 229 230 
4 6 10 12 14 17 22 25 28 29 31 35 44 46 52 61 62 66 74 75 86 95 96 98 106 111 116 122 123 124 129 136 140 141 142 144 146 149 151 152 156 157 158 167 170 171 175 177 179 182 186 188 190 192 197 198 199 204 206 208 211 214 219 221 224 226 228 
23 94 
1 19 40 48 49 54 65 85 90 97 113 125 127 135 147 155 160 164 166 183 201 217 
2 7 30 32 33 57 59 60 68 83 88 91 99 101 118 128 154 163 168 172 184 200 205 210 218 223 
3 5 8 9 11 13 15 16 18 20 21 24 26 27 34 36 37 38 39 41 42 43 45 47 50 51 53 55 56 58 63 64 67 69 70 71 72 73 76 77 78 79 80 81 82 84 87 89 92 93 100 102 103 104 105 107 108 109 110 112 114 115 117 119 120 121 126 130 131 132 133 134 137 138 139 143 145 148 150 153 159 161 162 165 169 173 174 176 178 180 181 185 187 189 191 193 194 195 196 202 203 207 209 212 213 215 216 220 222 225 227 229 230 
4 6 10 12 14 17 22 25 28 29 31 35 44 46 52 61 62 66 74 75 86 95 96 98 106 111 116 122 123 124 129 136 140 141 142 144 146 149 151 152 156 157 158 167 170 171 175 177 179 182 186 188 190 192 197 198 199 204 206 208 211 214 219 221 224 226 228 
23 94 
1 19 28 40 48 49 54 65 85 90 97 113 125 127 135 147 155 160 164 166 183 201 217 224 
2 7 30 32 33 57 59 60 68 77 83 88 91 99 101 118 128 154 163 168 172 184 200 205 210 218 223 
3 5 8 9 11 13 15 16 18 20 21 24 26 27 34 36 37 38 39 41 42 43 45 47 50 51 52 53 55 56 58 63 64 67 71 72 73 76 78 79 80 81 82 84 87 89 92 93 100 102 103 104 105 107 108 109 110 112 114 115 117 119 120 121 126 130 131 132 133 134 137 138 139 143 145 148 150 153 161 162 165 169 173 174 176 178 180 181 185 187 189 191 193 194 195 196 202 203 207 209 212 213 215 216 220 222 225 227 229 230 
4 6 10 12 14 17 22 25 29 31 35 44 46 61 62 66 69 70 74 75 86 95 96 98 106 111 116 122 123 124 129 136 140 141 142 144 146 149 151 152 156 157 158 159 167 170 171 175 177 179 182 186 188 190 192 197 198 199 204 206 208 211 214 219 221 226 228 
23 94 
1 19 28 40 48 49 54 65 85 90 97 113 125 127 135 147 155 160 164 166 183 201 217 224 
2 7 30 32 33 57 59 60 68 77 83 88 91 99 101 118 128 154 163 168 172 184 200 205 210 218 223 
3 5 8 9 11 13 15 16 18 20 21 24 26 27 34 36 37 38 39 41 42 43 45 47 50 51 52 53 55 56 58 63 64 67 71 72 73 76 78 79 80 81 82 84 87 89 92 93 100 102 103 104 105 107 108 109 110 112 114 115 117 119 120 121 126 130 131 132 133 134 137 138 139 143 145 148 150 153 161 162 165 169 173 174 176 178 180 181 185 187 189 191 193 194 195 196 202 203 207 209 212 213 215 216 220 222 225 227 229 230 
4 6 10 12 14 17 22 25 29 31 35 44 46 61 62 66 69 70 74 75 86 95 96 98 106 111 116 122 123 124 129 136 140 141 142 144 146 149 151 152 156 157 158 159 167 170 171 175 177 179 182 186 188 190 192 197 198 199 204 206 208 211 214 219 221 226 228 
23 94 
1 19 28 40 48 49 54 65 85 90 97 113 125 127 135 147 155 160 164 166 183 201 217 224 
2 7 30 32 33 57 59 60 68 77 83 88 91 99 101 118 128 154 163 168 172 184 200 205 210 218 223 
3 5 8 9 11 13 15 16 18 20 21 24 26 27 34 36 37 38 39 41 42 43 45 47 50 51 52 53 55 56 58 63 64 67 71 72 73 76 78 79 80 81 82 84 87 89 92 93 100 102 103 104 105 107 108 109 110 112 114 115 117 119 120 121 126 130 131 132 133 134 137 138 139 143 145 148 150 153 161 162 165 169 173 174 176 178 180 181 185 187 189 191 193 194 195 196 202 203 207 209 212 213 215 216 220 222 225 227 229 230 
4 6 10 12 14 17 22 25 29 31 35 44 46 61 62 66 69 70 74 75 86 95 96 98 106 111 116 122 123 124 129 136 140 141 142 144 146 149 151 152 156 157 158 159 167 170 171 175 177 179 182 186 188 190 192 197 198 199 204 206 208 211 214 219 221 226 228 
23 94 
1 4 6 10 12 14 17 19 22 25 28 29 31 35 40 44 46 48 49 54 62 65 66 69 70 74 75 85 86 90 95 96 97 98 106 111 113 116 122 123 124 125 127 129 135 136 140 141 142 144 146 147 149 151 152 155 156 157 158 159 160 164 166 167 170 171 175 177 179 182 183 186 188 190 192 197 198 199 201 204 206 208 211 214 217 219 221 224 226 228 
2 7 30 32 33 57 59 60 68 77 83 88 91 99 101 118 128 154 163 168 172 184 200 205 210 218 223 
3 5 8 9 11 13 15 16 18 20 21 24 26 27 34 36 37 38 39 41 42 43 45 47 50 51 52 53 55 56 58 61 63 64 67 71 72 73 76 78 79 80 81 82 84 87 89 92 93 100 102 103 104 105 107 108 109 110 112 114 115 117 119 120 121 126 130 131 132 133 134 137 138 139 143 145 148 150 153 161 162 165 169 173 174 176 178 180 181 185 187 189 191 193 194 195 196 202 203 207 209 212 213 215 216 220 222 225 227 229 230 
23 94 
1 4 6 10 12 14 17 19 22 25 28 29 31 35 40 44 46 48 49 54 62 65 66 69 70 74 75 85 86 90 95 96 97 98 106 111 113 116 122 123 124 125 127 129 135 136 140 141 142 144 146 147 149 151 152 155 156 157 158 159 160 164 166 167 170 171 175 177 179 182 183 186 188 190 192 197 198 199 201 204 206 208 211 214 217 219 221 224 226 228 
2 7 30 32 33 57 59 60 68 77 83 88 91 99 101 118 128 154 163 168 172 184 200 205 210 218 223 
3 5 8 9 11 13 15 16 18 20 21 24 26 27 34 36 37 38 39 41 42 43 45 47 50 51 52 53 55 56 58 61 63 64 67 71 72 73 76 78 79 80 81 82 84 87 89 92 93 100 102 103 104 105 107 108 109 110 112 114 115 117 119 120 121 126 130 131 132 133 134 137 138 139 143 145 148 150 153 161 162 165 169 173 174 176 178 180 181 185 187 189 191 193 194 195 196 202 203 207 209 212 213 215 216 220 222 225 227 229 230 
23 94 
1 4 6 10 12 14 15 17 19 22 25 28 29 31 35 40 44 46 48 49 54 62 65 66 69 70 74 75 85 86 90 95 96 97 98 106 108 111 113 116 122 123 124 125 127 129 135 136 140 141 142 144 146 147 149 151 152 155 156 157 158 159 160 164 166 167 170 171 175 177 179 182 183 186 188 190 192 197 198 199 201 204 206 208 211 214 216 217 219 221 224 226 228 
2 7 30 32 33 57 59 60 68 77 83 88 91 99 101 118 128 154 163 168 172 184 200 205 210 218 223 
3 5 8 9 11 13 16 18 20 21 24 26 27 34 36 37 38 39 41 42 43 45 47 50 51 52 53 55 56 58 61 63 64 67 71 72 73 76 78 79 80 81 82 84 87 89 92 93 100 102 103 104 105 107 109 110 112 114 115 117 119 120 121 126 130 131 132 133 134 137 138 139 143 145 148 150 153 161 162 165 169 173 174 176 178 180 181 185 187 189 191 193 194 195 196 202 203 207 209 212 213 215 220 222 225 227 229 230 
23 94 
1 4 6 10 12 14 15 17 19 22 25 27 28 29 31 35 44 46 48 49 52 54 58 62 65 66 69 74 75 80 82 85 86 95 96 97 98 106 108 111 113 116 122 123 124 125 129 135 136 140 141 142 144 146 147 149 151 152 155 156 157 158 159 160 164 166 167 170 171 175 176 177 179 182 186 188 190 192 193 197 198 199 201 204 206 208 211 214 216 219 221 224 226 228 
2 7 30 32 33 40 57 59 60 68 77 83 88 90 91 99 101 118 127 128 154 163 168 172 183 184 200 205 210 217 218 223 
3 5 8 9 11 13 16 18 20 21 24 26 34 36 37 38 39 41 42 43 45 47 50 51 53 55 56 61 63 64 67 70 71 72 73 76 78 79 81 84 87 89 92 93 100 102 103 104 105 107 109 110 112 114 115 117 119 120 121 126 130 131 132 133 134 137 138 139 143 145 148 150 153 161 162 165 169 173 174 178 180 181 185 187 189 191 194 195 196 202 203 207 209 212 213 215 220 222 225 227 229 230 
23 94 
1 4 6 10 12 14 15 17 19 22 25 27 28 29 31 35 44 46 48 49 52 54 58 62 65 66 69 74 75 80 82 85 86 95 96 97 98 106 108 111 113 116 122 123 124 125 129 135 136 140 141 142 144 147 149 151 152 155 156 157 158 159 160 164 166 167 170 171 175 176 177 179 182 186 188 190 192 193 197 198 199 201 204 206 208 211 214 216 219 221 224 226 228 
2 7 30 32 33 40 57 59 60 68 77 83 88 90 91 99 101 118 127 128 154 163 168 172 183 184 200 205 210 217 218 223 
3 5 8 9 11 13 16 18 20 21 24 26 34 36 37 38 39 41 42 43 45 47 50 51 53 55 56 61 63 64 67 70 71 72 73 76 78 79 81 84 87 89 92 93 100 102 103 104 105 107 109 110 112 114 115 117 119 120 121 126 130 131 132 133 134 137 138 139 143 145 146 148 150 153 161 162 165 169 173 174 178 180 181 185 187 189 191 194 195 196 202 203 207 209 212 213 215 220 222 225 227 229 230 
23 94 
1 4 6 10 12 14 15 17 19 22 25 27 28 29 31 35 44 46 48 49 52 54 58 62 65 66 69 74 80 82 85 86 87 95 96 97 98 106 108 111 113 116 122 123 124 125 129 135 136 140 141 142 144 147 149 151 152 155 156 157 158 159 160 164 166 167 170 171 175 176 177 179 182 186 188 190 192 197 198 199 201 204 206 208 211 214 216 219 221 224 226 228 
2 7 30 32 33 40 57 59 60 68 75 77 83 88 90 91 99 101 118 127 128 154 163 168 172 183 184 200 205 210 217 218 223 
3 5 8 9 11 13 16 18 20 21 24 26 34 36 37 38 39 41 42 43 45 47 50 51 53 55 56 61 63 64 67 70 71 72 73 76 78 79 81 84 89 92 93 100 102 103 104 105 107 109 110 112 114 115 117 119 120 121 126 130 131 132 133 134 137 138 139 143 145 146 148 150 153 161 162 165 169 173 174 178 180 181 185 187 189 191 193 194 195 196 202 203 207 209 212 213 215 220 222 225 227 229 230 
23 94 
1 4 6 10 12 14 15 17 18 19 22 25 27 28 29 31 35 44 46 48 49 52 54 58 62 65 66 69 74 80 82 85 86 87 95 96 97 98 106 108 111 113 116 119 122 123 124 125 129 134 135 136 140 141 142 144 147 149 151 152 155 156 157 158 159 160 164 166 167 169 170 171 175 176 177 179 182 186 188 190 192 197 198 199 204 206 208 211 214 216 219 221 224 226 228 
2 7 30 32 33 40 57 59 60 68 75 77 83 88 90 91 99 101 118 127 128 154 163 168 172 183 184 200 205 210 217 218 223 
3 5 8 9 11 13 16 20 21 24 26 34 36 37 38 39 41 42 43 45 47 50 51 53 55 56 61 63 64 67 70 71 72 73 76 78 79 81 84 89 92 93 100 102 103 104 105 107 109 110 112 114 115 117 120 121 126 130 131 132 133 137 138 139 143 145 146 148 150 153 161 162 165 173 174 178 180 181 185 187 189 191 193 194 195 196 201 202 203 207 209 212 213 215 220 222 225 227 229 230 
23 94 
1 4 6 10 11 12 14 15 18 19 22 25 27 28 29 31 35 44 46 48 49 52 54 58 62 65 66 69 74 80 82 85 86 87 95 96 97 98 106 108 111 113 116 119 122 123 124 125 129 134 135 136 137 140 141 142 144 147 149 152 155 156 157 158 159 160 164 166 167 169 170 171 175 176 177 179 182 186 188 190 191 192 197 198 204 206 208 210 211 214 216 219 221 224 226 228 
2 7 30 32 33 40 57 59 60 68 75 77 83 88 90 91 99 101 118 127 128 154 163 168 172 183 184 200 205 217 218 223 
3 5 8 9 13 16 17 20 21 24 26 34 36 37 38 39 41 42 43 45 47 50 51 53 55 56 61 63 64 67 70 71 72 73 76 78 79 81 84 89 92 93 100 102 103 104 105 107 109 110 112 114 115 117 120 121 126 130 131 132 133 138 139 143 145 146 148 150 151 153 161 162 165 173 174 178 180 181 185 187 189 193 194 195 196 199 201 202 203 207 209 212 213 215 220 222 225 227 229 230 
23 94 
1 4 6 10 11 12 14 15 19 22 25 27 28 29 31 35 44 46 48 49 52 54 58 62 65 66 69 74 80 82 85 86 87 95 96 97 98 106 108 111 113 116 119 122 123 124 125 129 134 135 136 137 140 141 142 144 147 149 152 155 156 157 158 159 160 164 166 167 169 170 171 175 176 177 179 182 186 188 190 191 192 197 198 204 206 208 210 211 214 216 219 221 224 226 228 
2 7 30 32 33 40 57 59 60 68 75 77 83 88 90 91 99 101 118 127 128 154 163 168 172 183 184 200 205 217 218 223 
3 5 8 9 13 16 17 18 20 21 24 26 34 36 37 38 39 41 42 43 45 47 50 51 53 55 56 61 63 64 67 70 71 72 73 76 78 79 81 84 89 92 93 100 102 103 104 105 107 109 110 112 114 115 117 120 121 126 130 131 132 133 138 139 143 145 146 148 150 151 153 161 162 165 173 174 178 180 181 185 187 189 193 194 195 196 199 201 202 203 207 209 212 213 215 220 222 225 227 229 230 
23 94 
1 3 5 8 9 11 12 13 14 15 16 17 18 19 20 21 24 26 28 29 34 36 37 38 39 41 42 43 45 47 49 50 51 53 54 55 56 61 63 64 66 67 70 71 72 73 76 78 79 81 84 87 89 92 93 96 97 100 102 103 104 106 107 108 109 110 112 114 115 117 119 120 121 126 129 130 131 132 133 134 135 137 138 139 143 145 146 148 150 151 153 155 156 161 162 164 165 169 171 173 174 178 180 181 185 186 187 189 191 192 193 194 195 196 199 201 202 203 207 209 212 213 215 219 220 221 222 224 225 226 227 229 230 
2 7 30 32 33 40 57 59 60 68 75 77 83 88 90 91 99 101 118 127 128 154 163 168 172 183 184 200 205 217 218 223 
4 6 10 22 25 27 31 35 44 46 48 52 58 62 65 74 80 82 85 86 95 98 105 111 113 116 122 123 124 125 136 140 141 142 144 147 149 152 157 158 160 166 167 170 175 176 177 179 182 188 190 197 198 204 206 208 210 211 214 216 228 
23 69 94 159 
