1 2 3 4 6 9 16 18 27 28 39 41 51 53 54 64 65 67 72 79 81 84 85 90 93 98 100 102 104 106 107 111 120 124 137 139 140 143 144 148 151 154 157 163 178 183 190 195 201 204 205 208 210 211 212 213 217 220 226 228 235 236 240 251 253 257 
5 12 13 22 23 30 35 36 43 44 45 66 69 73 78 83 88 95 99 109 116 122 123 136 142 145 153 160 180 207 218 219 225 229 230 233 237 254 260 
7 10 15 17 19 20 24 25 26 29 31 32 33 34 37 38 40 42 46 47 48 49 50 52 55 56 57 58 61 62 63 68 70 71 75 76 77 80 86 87 89 94 96 97 101 105 108 110 112 113 114 115 117 119 121 125 126 127 128 129 130 132 133 134 135 138 141 146 147 149 150 152 155 156 158 159 161 162 164 165 167 168 169 170 171 172 173 174 175 176 179 181 184 185 186 187 188 189 191 193 194 196 197 198 199 200 202 203 206 209 214 215 216 221 222 223 227 231 232 234 238 239 241 242 243 244 245 246 247 248 249 250 252 255 258 259 261 262 264 
8 11 21 59 60 74 82 91 92 103 118 131 166 177 182 192 224 256 263 265 
14 
1 2 3 4 6 12 15 16 18 23 27 28 31 34 39 41 51 53 54 61 64 65 66 67 69 72 78 79 81 84 85 87 90 93 98 100 102 104 106 107 111 113 120 124 137 139 140 143 144 147 148 149 150 151 154 159 160 163 165 168 178 183 184 195 196 201 202 204 205 208 210 211 212 213 215 217 219 220 221 226 228 233 235 236 238 240 251 253 257 
5 83 95 99 109 116 145 207 225 230 254 260 
7 9 10 13 17 19 20 22 24 25 26 29 30 32 33 35 36 37 38 40 42 43 44 45 46 47 48 49 50 52 55 56 57 58 62 63 68 70 71 73 75 76 77 80 86 88 89 94 96 97 101 105 108 110 112 114 115 117 119 121 122 123 125 126 127 128 129 130 132 133 134 135 136 138 141 142 146 152 153 155 156 157 158 161 162 164 167 169 170 171 172 173 174 175 176 179 180 181 185 186 187 188 189 190 191 193 194 197 198 199 200 203 206 209 214 216 218 222 223 227 229 231 232 234 237 239 241 242 243 244 245 246 247 248 249 250 252 255 258 259 261 262 264 
8 11 21 59 60 74 82 91 92 103 118 131 166 177 182 192 224 256 263 265 
14 
1 2 3 4 6 12 15 16 18 23 27 28 31 34 39 41 51 53 54 61 64 65 66 67 69 72 78 79 81 84 85 87 90 93 98 100 102 104 106 107 111 113 120 124 128 137 138 139 140 143 144 147 148 149 150 151 154 159 160 163 165 168 178 183 184 188 195 196 201 202 204 205 208 210 211 212 213 215 217 219 220 221 226 228 233 235 236 238 240 251 253 257 
5 7 9 10 13 19 20 22 24 25 26 29 32 33 35 36 37 38 40 42 43 44 45 46 48 49 50 52 55 56 57 58 63 70 71 73 75 76 77 80 83 86 88 89 94 96 97 99 101 105 109 110 114 115 117 121 122 123 125 127 129 130 133 134 135 136 141 142 146 152 155 156 157 158 161 162 164 169 170 172 173 174 175 176 179 180 181 185 186 187 190 193 194 197 198 199 200 203 206 207 214 216 218 223 227 229 230 231 232 234 239 241 242 243 244 245 246 247 248 249 250 252 254 255 258 259 260 261 262 
8 11 21 59 60 74 82 91 92 103 118 131 166 177 182 192 224 256 263 265 
14 
17 47 62 68 108 112 119 126 132 167 171 189 191 209 222 264 
30 95 116 145 153 225 237 
1 2 3 4 12 23 27 28 37 39 54 65 66 67 69 72 78 81 84 85 93 98 100 102 104 111 127 128 134 138 139 140 143 148 151 154 156 160 174 179 198 201 204 205 208 212 213 219 220 226 228 233 235 236 240 243 246 249 251 255 257 
5 6 9 10 13 15 16 18 19 20 22 24 25 26 29 31 33 34 35 36 38 40 42 43 44 45 46 49 51 52 53 55 56 57 58 61 63 64 70 71 73 75 76 77 79 80 83 86 87 88 89 90 94 96 97 99 101 105 106 107 109 110 113 114 115 117 120 121 122 123 124 125 129 130 133 135 136 137 141 142 144 146 147 149 150 152 155 157 158 159 161 162 163 164 165 168 169 170 172 173 175 176 178 180 181 184 185 186 187 188 190 193 194 195 196 197 199 200 202 203 206 207 210 211 214 215 216 217 218 221 223 227 229 230 231 232 234 238 239 241 242 244 245 247 248 250 252 253 254 258 259 260 261 262 
7 17 32 47 48 50 62 68 108 112 119 126 132 167 171 189 191 209 222 264 
8 11 21 41 59 60 74 82 91 92 103 118 131 166 177 182 183 192 224 256 263 265 
14 
30 95 116 145 153 225 237 
1 2 3 4 12 23 27 28 37 39 54 65 66 67 69 72 78 81 84 85 93 98 100 102 104 111 127 128 134 138 139 140 143 148 151 154 156 160 174 179 197 198 201 204 205 208 212 213 219 220 226 228 233 235 236 240 243 246 249 251 254 255 257 
5 6 9 10 13 15 16 18 19 20 22 24 25 26 29 33 34 35 36 38 40 42 43 45 46 49 51 52 53 55 56 57 58 61 63 64 70 71 73 75 76 77 79 80 83 86 87 88 89 94 96 97 99 101 105 106 107 109 110 113 114 115 117 120 121 122 123 124 125 129 130 133 135 136 137 141 142 144 146 147 149 150 152 155 157 158 159 161 162 163 164 165 168 169 170 172 175 176 178 181 184 185 186 187 188 190 193 194 195 196 199 200 202 203 206 207 210 211 214 215 216 217 218 221 223 227 229 230 231 232 234 238 239 241 242 244 245 247 248 250 252 253 258 259 260 261 262 
7 17 31 32 44 47 48 50 62 68 90 108 112 119 126 132 167 171 189 191 209 222 264 
8 11 21 41 59 60 74 82 91 92 103 118 131 166 173 177 180 182 183 192 224 256 263 265 
14 
30 95 116 145 153 225 237 
1 2 3 4 12 23 27 28 37 39 54 65 66 67 69 72 78 81 84 85 93 98 100 102 104 111 127 128 134 138 139 140 143 148 151 154 156 160 174 179 196 197 198 201 204 205 208 212 213 219 220 226 228 233 235 236 240 243 246 249 251 254 255 257 
5 6 9 10 15 16 18 19 20 24 25 26 29 33 34 38 40 42 45 46 49 51 52 53 55 56 57 58 61 63 64 70 71 75 76 77 79 83 86 87 88 89 94 96 97 99 101 105 106 114 115 117 120 121 122 124 125 129 133 137 144 146 147 149 150 152 155 157 159 161 162 163 164 165 168 172 175 176 178 181 184 185 186 187 188 190 194 195 200 202 203 206 207 210 211 214 215 217 221 223 227 230 231 232 234 238 239 242 244 245 247 248 250 252 253 258 259 260 261 262 
7 17 31 32 44 47 48 50 62 68 90 108 112 119 126 132 167 171 189 191 209 222 264 
8 11 13 21 22 35 36 41 43 59 60 73 74 80 82 91 92 103 107 109 110 113 118 123 130 131 135 136 141 142 158 166 169 170 173 177 180 182 183 192 193 199 216 218 224 229 241 256 263 265 
14 
30 95 116 145 153 225 237 
1 2 3 4 12 23 27 28 37 39 54 65 66 67 69 72 78 81 84 85 93 98 100 102 104 111 127 128 134 138 139 140 143 148 151 154 156 160 174 179 196 197 198 201 204 205 208 212 213 219 220 226 228 233 235 236 240 243 246 249 251 254 255 257 
5 6 9 10 15 16 18 19 20 24 25 26 29 33 34 38 40 42 46 49 51 52 53 55 56 57 58 61 63 64 68 70 71 75 76 77 79 83 86 87 89 90 94 96 97 99 101 105 106 114 115 117 120 121 124 125 129 133 137 142 144 146 147 149 150 152 155 157 159 161 162 163 164 165 168 172 175 176 178 181 184 185 186 187 188 190 194 195 200 202 203 206 207 210 211 214 215 217 221 223 230 231 232 234 238 239 242 244 245 247 248 250 252 253 258 259 260 261 262 
7 17 31 32 44 47 48 50 62 108 112 119 126 132 167 171 189 191 209 222 264 
8 11 13 21 22 35 36 41 43 59 60 73 74 80 82 91 92 103 107 109 110 113 118 123 130 131 135 136 141 158 166 169 170 173 177 180 182 183 192 193 199 216 218 224 229 241 256 263 265 
14 
30 45 88 95 116 122 145 153 225 227 237 
1 2 3 4 12 23 27 28 37 39 54 65 66 67 69 72 78 79 81 84 85 93 98 100 102 104 111 127 128 134 138 139 140 143 148 151 154 156 160 163 174 179 195 196 197 198 201 204 205 208 212 213 219 220 226 228 233 235 236 240 243 246 249 251 253 254 255 257 
5 9 10 15 16 19 20 24 25 26 29 33 38 42 46 49 52 53 55 56 57 58 63 70 71 75 76 77 83 86 89 94 96 97 99 101 105 115 117 121 125 129 133 142 146 152 155 157 162 164 168 172 175 176 181 184 185 186 187 190 194 200 203 206 207 214 223 230 231 232 234 239 242 244 247 248 250 252 258 259 260 261 262 
6 18 34 40 51 61 64 68 87 90 106 114 120 124 137 144 147 149 150 159 161 165 178 188 202 210 211 215 217 221 238 245 
7 17 31 32 44 47 48 50 62 108 112 119 126 132 167 171 189 191 209 222 264 
8 11 13 21 22 35 36 41 43 59 60 73 74 80 82 91 92 103 107 109 110 113 118 123 130 131 135 136 141 158 166 169 170 173 177 180 182 183 192 193 199 216 218 224 229 241 256 263 265 
14 
30 45 88 95 116 122 145 153 225 227 237 
1 2 3 4 12 23 27 28 37 39 54 65 66 67 69 72 78 79 80 81 84 85 93 98 100 102 104 110 111 113 127 128 134 138 139 140 143 148 151 154 156 160 163 174 179 195 196 197 198 201 204 205 208 212 213 219 220 226 228 233 235 236 240 243 246 249 251 253 254 255 257 
5 9 10 15 16 19 20 24 25 26 29 33 36 38 42 46 49 52 53 55 56 57 58 63 70 71 75 76 77 83 86 89 94 96 97 99 101 105 115 117 121 125 129 133 142 146 152 155 157 162 164 168 172 175 176 181 184 185 186 187 190 194 200 203 206 207 214 223 230 231 232 234 239 242 244 247 248 250 252 258 259 260 261 262 
6 18 34 40 51 61 64 68 87 90 106 114 120 124 137 144 147 149 150 159 161 165 178 188 202 210 211 215 217 221 238 245 
7 17 31 32 44 47 48 50 62 108 112 119 126 132 167 171 189 191 209 222 264 
8 11 13 21 22 35 41 43 59 60 73 74 82 91 92 103 107 109 118 123 130 131 135 136 141 158 166 169 170 173 177 180 182 183 192 193 199 216 218 224 229 241 256 263 265 
14 
30 45 88 95 116 122 145 153 225 227 237 
1 2 4 27 28 39 65 67 72 80 81 84 100 102 110 111 113 139 140 143 148 151 154 160 205 208 212 213 220 226 228 235 236 240 251 254 257 
3 12 23 37 54 66 69 78 79 85 93 98 104 127 128 134 136 138 156 163 174 179 195 196 197 198 201 204 219 233 243 246 249 253 255 
5 9 10 19 20 26 29 33 36 42 46 49 52 53 55 56 57 63 70 71 75 76 77 83 89 94 96 97 99 101 105 115 117 121 125 129 133 142 146 152 155 157 162 164 172 176 181 184 185 186 187 190 194 200 203 206 207 223 230 231 232 234 239 242 244 247 248 250 252 258 259 260 261 262 
6 15 16 18 24 34 38 40 51 58 61 64 68 86 87 90 106 114 120 124 137 144 147 149 150 159 161 165 175 178 188 202 210 211 214 215 217 221 238 245 
7 17 31 32 44 47 48 50 62 108 112 119 126 132 167 171 189 191 209 222 264 
8 11 13 21 22 35 41 43 59 60 73 74 82 91 92 103 107 109 118 123 130 131 135 141 158 166 169 170 173 177 180 182 183 192 193 199 216 218 224 229 241 256 263 265 
14 
25 30 45 88 95 116 122 145 153 168 225 227 237 
1 2 4 27 28 39 65 67 72 80 81 84 100 102 110 111 113 139 140 143 148 151 154 160 205 208 212 213 220 226 228 235 236 240 251 254 257 
3 12 23 37 54 66 69 78 79 85 93 98 104 127 128 134 136 138 156 163 174 179 195 196 197 198 201 204 219 233 243 246 249 253 255 
5 10 36 42 53 55 56 57 63 70 77 83 89 94 99 105 117 121 133 146 152 162 172 190 203 207 230 239 247 258 259 260 
6 9 15 16 18 20 24 34 38 40 51 58 61 64 68 71 86 87 90 106 114 120 124 137 144 147 149 150 157 159 161 165 175 178 188 202 210 211 214 215 217 221 238 245 250 
7 17 31 32 44 47 48 50 62 108 112 119 126 132 167 171 189 191 209 222 264 
8 11 13 21 22 35 41 43 59 60 73 74 82 91 92 103 107 109 118 123 130 131 135 141 158 166 169 170 173 177 180 181 182 183 192 193 199 216 218 224 229 241 256 263 265 
14 
19 26 29 33 46 49 52 75 76 96 97 101 115 125 129 142 155 164 176 184 185 186 187 194 200 206 223 231 232 234 242 244 248 252 261 262 
25 30 45 88 95 116 122 145 153 168 225 227 237 
1 2 4 27 28 39 65 67 72 80 81 84 100 102 110 111 113 139 140 143 148 151 154 160 205 208 212 213 220 226 228 235 236 240 251 254 257 
3 12 19 23 29 33 37 49 52 54 66 69 75 76 78 79 85 93 98 101 104 115 125 127 128 129 134 136 138 155 156 163 164 174 179 184 187 195 196 197 198 200 201 204 206 219 223 232 233 242 243 246 248 249 253 255 261 262 
5 10 36 42 53 55 56 57 63 70 77 83 89 94 99 105 117 121 133 146 152 162 172 190 203 207 230 239 247 258 259 260 
6 9 15 16 18 20 24 34 38 40 51 58 61 64 68 71 86 87 90 106 114 120 124 137 144 147 149 150 157 159 161 165 175 178 188 202 210 211 214 215 217 221 238 245 250 
7 17 31 32 44 47 48 50 62 108 112 119 126 132 167 171 189 191 209 222 264 
8 11 13 21 22 35 41 43 59 60 73 74 82 91 92 103 107 109 118 123 130 131 135 141 158 166 169 170 173 177 180 181 182 183 192 193 199 216 218 224 229 241 256 263 265 
14 
25 30 45 88 95 116 122 145 153 168 225 227 237 
26 46 96 97 142 176 185 186 194 231 234 244 252 
1 2 4 27 28 39 65 67 72 80 81 84 100 102 110 111 113 139 140 143 148 151 154 160 205 208 212 213 220 226 228 235 236 240 251 254 257 
3 6 18 34 40 51 56 61 64 68 87 90 114 120 124 137 144 147 159 161 165 178 188 210 211 217 221 245 
5 10 36 42 53 55 57 63 70 77 83 89 94 99 105 117 121 133 146 152 162 172 190 203 207 230 239 247 258 259 260 
7 9 15 16 17 20 24 31 32 38 44 47 48 50 58 62 71 86 106 108 112 119 126 132 149 150 157 167 171 175 189 191 202 209 214 215 222 238 250 264 
8 11 13 21 22 35 41 43 59 60 73 74 82 91 92 103 107 109 118 123 130 131 135 141 158 166 169 170 173 177 180 181 182 183 192 193 199 216 218 224 229 241 256 263 265 
12 19 23 29 33 37 49 52 54 66 69 75 76 78 79 85 93 98 101 104 115 125 127 128 129 134 136 138 155 156 163 164 174 179 184 187 195 196 197 198 200 201 204 206 219 223 232 233 242 243 246 248 249 253 255 261 262 
14 
25 30 45 88 95 116 122 145 153 168 225 227 237 
26 46 96 97 142 176 185 186 194 231 234 244 252 
1 2 4 27 28 39 65 67 72 80 81 84 100 102 110 111 113 139 140 143 148 151 154 160 205 208 212 213 220 226 228 235 236 240 251 254 257 
3 6 12 13 18 19 22 23 29 33 34 35 37 40 43 49 51 52 54 56 61 64 66 68 69 73 75 76 78 79 85 87 90 93 98 101 104 114 115 120 123 124 125 127 128 129 134 136 137 138 144 147 155 156 159 161 163 164 165 170 174 178 179 181 184 187 188 195 196 197 198 200 201 204 206 210 216 217 218 219 221 223 229 232 233 242 243 246 248 249 253 255 261 262 
5 10 36 42 53 55 57 63 70 77 83 89 94 99 105 117 121 133 146 152 162 172 190 203 207 230 239 247 258 259 260 
7 9 15 16 17 20 24 31 32 38 44 47 48 50 58 62 71 86 106 108 112 119 126 132 149 150 157 167 171 175 189 191 202 209 214 215 222 238 250 264 
8 11 21 41 59 60 74 82 91 92 103 107 109 118 130 131 135 141 158 166 169 173 177 180 182 183 192 193 199 224 241 256 263 265 
14 
25 30 45 88 95 116 122 145 153 168 225 227 237 
26 46 96 97 142 176 185 186 194 211 231 234 244 245 252 
1 2 4 27 28 39 65 67 72 79 80 81 84 100 102 110 111 113 139 140 143 148 151 154 160 163 170 181 195 205 208 212 213 216 220 226 228 229 235 236 240 251 253 254 257 
3 7 9 12 15 16 17 20 23 24 31 32 38 44 47 48 50 54 58 62 69 71 78 85 86 93 98 104 106 108 112 119 126 128 132 136 138 149 150 156 157 167 171 174 175 189 191 197 201 202 204 209 214 215 219 222 233 238 246 250 255 264 
5 10 36 42 53 55 57 63 70 77 83 89 94 99 105 117 121 133 146 152 162 172 190 203 207 230 239 247 258 259 260 
6 13 18 19 22 29 33 34 35 37 40 43 49 51 52 56 61 64 66 68 73 74 75 76 87 90 101 109 114 115 120 123 124 125 127 129 134 137 144 147 155 159 161 164 165 178 179 184 187 188 196 198 200 206 210 217 218 221 223 232 242 243 248 249 256 261 262 
8 11 21 41 59 60 82 91 92 103 107 118 130 131 135 141 158 166 169 173 177 180 182 183 192 193 199 224 241 263 265 
14 
25 30 45 88 95 116 122 145 153 168 225 227 237 
26 46 96 97 142 176 185 186 194 211 231 234 244 245 252 
1 2 4 27 28 39 65 67 72 79 80 81 84 100 102 110 111 113 139 140 143 148 151 154 160 163 170 181 195 205 208 212 213 216 217 220 226 228 229 235 236 240 251 253 254 257 
3 7 9 12 15 16 17 20 23 24 31 32 36 38 44 47 48 50 54 58 62 69 71 78 85 86 93 98 104 106 108 112 119 126 128 132 136 138 149 150 156 157 167 171 174 175 189 191 197 201 202 204 209 214 215 219 222 233 238 246 250 255 264 
5 10 42 53 55 57 63 70 77 83 89 94 99 105 117 121 133 146 152 162 172 190 203 207 230 239 247 258 259 260 
6 13 18 19 22 29 33 34 35 37 40 43 49 51 52 56 61 64 66 68 73 74 75 76 87 90 101 109 114 120 123 124 125 127 129 134 137 144 147 155 159 161 164 165 178 179 184 187 188 196 198 200 206 210 218 221 223 232 242 243 248 249 256 261 262 
8 11 21 41 59 60 82 91 92 103 107 115 118 130 131 135 141 158 166 169 173 177 180 182 183 192 193 199 224 241 263 265 
14 
25 30 45 88 95 116 122 145 153 168 225 227 237 
26 46 96 97 142 176 185 186 194 211 231 234 244 245 252 
1 2 4 27 28 39 65 67 72 79 80 81 84 100 102 110 111 113 139 140 143 148 151 154 160 163 169 170 181 195 205 208 212 213 216 217 220 226 228 229 235 236 240 251 253 254 257 
3 7 9 12 15 16 17 20 23 24 31 32 36 38 44 47 48 50 54 58 62 69 71 78 85 86 93 98 104 106 108 112 119 126 128 132 135 136 138 149 150 156 157 167 171 174 175 189 191 197 201 202 204 209 214 215 219 222 233 238 246 250 255 264 
5 10 42 53 55 57 63 70 77 83 89 94 99 105 117 121 133 146 152 162 172 190 203 207 230 239 247 258 259 260 
6 18 19 22 29 33 34 35 37 40 43 49 51 52 56 61 64 66 68 73 74 75 76 87 90 101 109 114 120 123 124 125 127 129 137 144 147 155 159 161 164 165 178 179 184 187 188 196 198 200 206 210 218 221 223 232 242 243 248 249 256 261 262 
8 11 13 21 41 59 60 82 91 92 103 107 115 118 130 131 141 158 166 173 177 180 182 183 192 193 199 224 241 263 265 
14 
25 30 45 88 95 116 122 145 153 168 225 227 237 
26 46 96 97 134 142 176 185 186 194 211 231 234 244 245 252 
1 2 4 27 28 39 65 67 72 79 80 81 84 100 102 110 111 113 139 143 148 151 154 160 163 169 170 181 195 205 208 212 213 215 216 217 220 226 228 229 235 236 240 251 253 254 257 
3 5 7 9 10 15 16 17 19 20 24 31 32 36 38 42 44 47 48 50 53 55 57 58 62 63 70 71 76 77 83 86 89 93 94 98 99 105 106 108 112 117 119 121 126 128 132 133 135 136 138 146 149 150 152 156 157 162 167 171 172 174 175 189 190 191 197 201 202 203 204 207 209 214 222 230 238 239 246 247 250 255 258 259 260 264 
6 12 18 22 23 29 33 34 35 37 40 43 49 51 52 54 56 59 61 64 66 68 69 73 74 75 78 85 87 90 101 104 109 114 120 123 124 125 127 129 137 140 144 147 155 159 161 164 165 178 179 184 187 188 196 198 200 206 210 218 219 221 223 224 232 233 242 243 248 249 256 261 262 
8 11 13 21 41 60 82 91 92 103 107 115 118 130 131 141 158 166 173 177 180 182 183 192 193 199 241 263 265 
14 
25 30 45 88 95 116 122 145 153 168 225 227 237 
26 46 96 97 134 142 176 185 186 194 211 231 234 244 245 252 
1 2 4 27 28 39 65 67 72 79 80 81 84 100 102 110 111 113 139 143 148 151 154 160 163 169 170 181 195 205 208 212 213 215 216 217 220 226 228 229 235 236 240 251 253 254 257 
3 5 6 7 9 10 12 15 16 17 18 19 20 22 23 24 29 31 32 33 34 35 36 37 38 40 42 43 44 47 48 49 50 51 52 53 54 55 56 57 58 59 61 62 63 64 66 68 69 70 71 73 74 75 76 77 78 83 85 86 87 89 90 93 94 98 99 101 104 105 106 108 114 117 119 120 121 123 124 125 126 127 128 129 132 133 135 136 137 138 140 144 146 147 149 150 152 155 156 157 159 161 162 164 165 167 171 172 174 175 178 179 184 187 188 189 190 191 196 197 198 200 201 202 203 204 206 207 209 210 214 218 219 221 222 223 224 232 233 238 239 242 243 246 247 248 249 250 255 256 258 259 260 261 262 264 
8 11 13 21 41 60 82 91 92 103 107 109 112 115 118 130 131 141 158 166 173 177 180 182 183 192 193 199 230 241 263 265 
14 
25 30 45 88 95 116 122 145 153 168 225 227 237 
26 46 96 97 134 142 176 185 186 194 211 231 234 244 245 252 
1 2 4 27 28 39 65 67 72 79 80 81 84 100 102 110 111 113 139 143 148 151 154 160 162 163 169 170 181 195 201 203 205 208 212 213 215 216 217 220 226 228 229 235 236 240 251 253 254 257 
3 5 6 7 9 10 12 15 16 17 18 19 20 22 23 24 29 31 32 33 34 35 36 37 38 40 42 43 44 47 48 49 50 51 52 53 54 55 56 57 58 59 61 62 63 64 66 68 69 70 71 73 74 75 76 77 78 83 85 86 87 89 90 93 94 98 99 101 104 105 106 108 114 117 119 121 123 124 125 126 127 128 129 132 133 135 136 137 138 140 144 146 147 149 150 152 155 156 157 159 161 164 165 167 171 172 174 175 178 179 184 187 188 189 190 191 196 197 198 200 202 204 206 207 209 210 214 218 219 221 222 223 224 232 233 238 239 242 243 246 247 248 249 250 255 256 258 259 260 261 262 264 
8 11 13 21 41 60 82 91 92 103 107 109 112 115 118 130 131 141 158 166 173 177 180 182 183 192 193 199 230 241 263 265 
14 
25 30 45 88 95 116 120 122 145 153 168 225 227 237 
26 46 96 97 134 142 176 185 186 194 211 231 234 244 245 252 
1 2 27 28 39 65 67 72 79 80 81 84 100 102 110 111 113 143 148 154 160 162 163 169 170 181 195 201 203 205 208 212 213 216 217 220 226 228 229 235 236 240 251 253 254 257 
3 4 5 6 7 9 10 12 15 16 17 18 19 20 22 23 24 29 31 32 33 34 35 36 37 38 40 42 43 44 47 48 49 50 51 52 53 54 55 56 57 58 59 61 62 63 64 66 68 69 70 71 73 74 75 76 77 78 83 85 86 87 89 90 93 94 98 99 101 104 105 106 108 109 114 117 119 121 123 124 125 126 127 128 129 132 133 135 136 137 138 139 140 144 146 147 149 150 151 152 155 156 157 158 159 161 164 165 167 171 172 174 175 178 179 184 187 188 189 190 191 196 197 198 200 202 204 206 207 209 210 214 218 219 221 222 223 224 232 233 238 239 242 243 246 247 248 249 250 255 256 258 259 260 261 262 264 
8 11 13 21 41 60 82 91 92 103 107 112 115 118 130 131 141 166 173 177 180 182 183 192 193 199 215 230 241 263 265 
14 
25 30 45 88 95 116 120 122 145 153 168 225 227 237 
26 46 96 97 134 142 176 185 186 194 211 231 234 244 245 252 
1 2 27 28 39 65 67 72 79 80 81 84 100 102 110 111 113 143 148 154 160 162 163 169 170 181 195 201 203 205 208 212 213 216 217 220 226 228 229 235 236 240 251 253 254 257 
3 4 5 6 7 9 10 12 15 16 17 18 19 20 22 23 24 29 31 32 33 34 35 36 37 38 40 42 43 44 47 48 49 50 51 52 53 54 55 56 57 58 59 61 62 63 64 66 68 69 70 71 73 74 75 76 77 78 83 85 86 87 89 90 93 94 98 99 101 104 105 106 108 109 114 117 119 121 123 124 125 126 127 128 129 132 133 135 136 137 138 139 140 144 146 147 149 150 151 152 155 156 157 158 159 161 164 165 167 171 172 174 175 178 179 184 187 188 189 190 191 196 197 198 200 202 204 206 207 209 210 214 218 219 221 222 223 224 232 233 238 239 242 243 246 247 248 249 250 255 256 258 259 260 261 262 264 
8 11 13 21 41 60 82 91 92 103 107 112 115 118 130 131 141 166 173 177 180 182 183 192 193 199 215 230 241 263 265 
14 
25 30 45 88 95 116 120 122 145 153 168 225 227 237 
26 46 96 97 134 142 176 185 186 194 211 231 234 244 245 252 
1 2 27 28 39 65 67 72 79 80 81 84 100 102 110 111 113 143 148 154 160 162 163 169 170 181 195 201 203 205 208 212 213 216 217 220 226 228 229 235 236 240 251 253 254 257 
3 4 6 7 9 12 15 16 17 18 19 20 22 23 24 29 31 32 33 34 35 36 37 38 40 42 43 44 47 48 49 50 51 52 53 54 55 56 57 58 59 61 62 63 64 66 68 69 71 73 74 75 76 77 78 85 86 87 90 93 94 98 101 104 106 108 109 114 117 119 121 123 124 125 126 127 129 132 135 136 137 139 140 144 147 149 150 151 155 156 157 158 159 161 164 165 167 171 172 174 175 178 179 184 187 188 189 190 191 196 198 200 202 206 209 210 214 218 219 221 222 223 224 232 233 238 242 243 246 248 249 250 255 256 261 262 264 
5 10 25 30 45 70 83 88 89 95 99 105 116 120 122 133 145 146 152 153 168 207 225 227 237 239 247 258 259 260 
8 11 13 21 41 60 82 91 92 103 107 112 115 118 128 130 131 138 141 166 173 177 180 182 183 192 193 197 199 204 215 230 241 263 265 
14 
26 46 96 97 134 142 176 185 186 194 211 231 234 244 245 252 
1 2 27 28 39 65 67 72 80 81 84 100 102 110 111 113 143 148 154 160 162 169 170 181 201 203 205 208 212 213 216 220 226 228 229 235 236 240 251 254 257 
3 4 6 7 9 12 15 16 17 18 19 20 22 23 24 29 31 32 33 34 35 36 37 38 40 42 43 44 47 48 49 50 51 52 53 54 55 56 57 58 59 61 62 63 64 66 68 69 71 73 74 75 76 77 78 85 86 87 90 93 94 98 101 104 106 108 109 114 117 119 121 123 124 125 126 127 129 132 135 136 137 139 140 144 147 149 150 151 155 156 157 158 159 161 164 165 167 171 172 174 175 178 179 184 187 188 189 190 191 196 198 200 202 206 209 210 214 218 219 221 222 223 224 230 232 233 238 242 243 246 248 249 250 255 256 261 262 264 
5 10 25 30 45 70 83 88 89 95 99 105 116 120 122 133 145 146 152 153 168 192 207 225 227 237 239 247 258 259 260 
8 11 13 21 41 60 82 91 92 103 107 112 115 118 128 130 131 138 141 166 173 177 180 182 183 193 197 199 204 215 241 263 265 
14 
26 46 79 96 97 134 142 163 176 185 186 194 195 211 217 231 234 244 245 252 253 
1 2 27 28 39 65 67 72 80 81 84 100 102 110 111 113 143 148 154 160 162 169 170 181 201 203 205 208 212 213 216 220 226 228 229 235 236 240 251 254 257 
3 4 5 6 7 9 12 15 16 17 18 19 20 22 23 24 29 31 32 33 34 35 36 37 38 40 42 43 44 47 48 49 50 51 52 53 54 55 56 57 58 59 61 62 63 64 66 68 69 71 73 74 75 76 77 78 85 86 87 90 93 94 98 99 101 104 106 108 109 114 117 119 121 123 124 125 126 127 129 132 135 136 137 139 140 144 147 149 150 151 155 156 158 159 161 164 165 167 171 172 174 175 178 179 184 187 188 189 190 191 196 198 200 202 206 209 210 214 218 219 221 222 223 230 232 233 238 242 243 246 248 249 250 255 256 261 262 264 
8 11 13 21 41 60 82 91 92 103 107 112 115 118 128 130 131 138 141 166 173 177 180 182 183 193 197 199 204 215 241 263 265 
10 25 30 45 70 83 88 89 95 105 116 120 122 133 145 146 152 153 168 192 207 225 227 237 239 247 258 259 260 
14 
26 46 79 96 97 134 142 157 163 176 185 186 194 195 211 217 224 231 234 244 245 252 253 
1 2 27 28 39 65 67 72 80 81 84 100 102 110 111 113 143 148 154 160 162 169 170 181 201 203 205 208 212 213 216 220 226 228 229 235 236 240 251 254 257 
3 4 5 6 7 9 12 15 16 17 18 19 20 22 23 24 29 31 32 33 34 35 36 37 38 40 42 43 44 47 48 49 50 51 52 53 54 55 56 57 58 59 61 62 63 64 66 68 69 71 73 74 75 76 77 78 85 86 87 90 93 94 98 99 101 104 106 108 109 114 117 119 121 123 124 125 126 127 129 132 135 136 137 139 140 144 147 149 150 151 155 156 158 159 161 164 165 167 171 172 174 175 178 179 184 187 188 189 190 191 196 198 200 202 206 209 210 214 218 219 221 222 223 230 232 233 238 242 243 246 248 249 250 255 256 261 262 264 
8 11 13 21 41 60 82 91 92 103 107 112 115 118 128 130 131 138 141 166 173 177 180 182 183 193 197 199 204 215 241 263 265 
10 25 30 45 70 83 88 89 95 105 116 120 122 133 145 146 152 153 168 192 207 225 227 237 239 247 258 259 260 
14 
26 46 79 96 97 134 142 157 163 176 185 186 194 195 211 217 224 231 234 244 245 252 253 
1 2 27 28 39 65 67 72 80 81 84 100 102 110 111 113 143 148 154 160 162 169 170 181 201 203 205 208 212 213 216 220 226 228 229 235 236 240 251 254 257 
3 4 5 6 7 9 12 15 16 17 18 19 20 22 23 24 29 31 32 33 34 35 36 37 38 40 42 43 44 47 48 49 50 51 52 53 54 55 56 57 58 59 61 62 63 64 66 68 69 71 73 74 75 76 77 78 85 86 87 90 93 94 98 99 101 104 106 108 109 114 117 119 121 123 124 125 126 127 129 132 135 136 137 139 140 144 147 149 150 151 155 156 158 159 161 164 165 167 171 172 174 175 178 179 180 184 187 188 189 190 191 196 198 200 202 206 209 210 214 218 219 221 222 223 230 232 233 238 242 243 246 248 249 250 255 256 261 262 264 
8 11 13 21 41 60 82 91 92 103 107 112 115 118 128 130 131 138 141 166 173 177 182 183 193 197 199 204 215 241 263 265 
10 25 30 45 70 83 88 89 95 105 116 120 122 133 145 146 152 153 168 192 207 225 227 237 239 247 258 259 260 
14 
26 46 79 96 97 134 142 157 163 176 185 186 194 195 211 217 224 231 234 244 245 252 253 
1 2 27 28 39 65 67 72 80 81 84 100 102 110 111 113 143 148 154 160 162 169 170 181 201 203 205 208 212 213 216 220 226 228 229 235 236 240 251 257 
3 4 5 6 7 9 12 15 16 17 18 19 20 22 23 24 29 31 32 33 34 35 36 37 38 40 42 43 44 47 48 49 50 51 52 53 54 55 56 57 58 59 61 62 63 64 66 68 69 71 73 74 75 76 77 78 85 86 87 90 93 94 98 99 101 104 106 108 109 114 117 119 121 123 124 125 126 127 129 132 135 136 137 139 140 144 147 149 150 151 155 156 158 159 161 164 165 167 171 172 174 175 178 179 180 184 187 188 189 190 191 196 198 200 202 206 209 210 214 218 219 221 222 223 230 232 233 238 242 243 246 248 249 250 254 255 256 261 262 264 
8 11 13 21 41 60 82 91 92 103 107 112 115 118 128 130 131 138 141 166 173 177 182 183 193 197 199 204 215 241 263 265 
10 25 30 45 70 83 88 89 95 105 116 120 122 133 145 146 152 153 168 192 207 225 227 237 239 247 258 259 260 
14 
26 46 79 96 97 134 142 157 163 176 185 186 194 195 211 217 224 231 234 244 245 252 253 
1 2 27 28 39 65 67 72 80 81 84 100 102 110 111 113 137 143 148 154 160 162 169 170 181 201 203 205 208 212 213 216 220 226 228 229 235 236 240 251 257 
3 4 5 6 7 9 12 15 16 17 18 19 20 22 23 24 29 31 32 33 34 35 36 37 38 40 42 43 44 47 48 49 50 51 52 53 54 55 56 57 58 59 61 62 63 64 66 68 69 71 73 74 75 76 77 78 85 86 87 90 93 94 98 99 101 104 106 107 108 109 114 117 119 121 123 124 125 126 127 129 132 135 136 139 140 144 147 149 150 151 155 156 158 159 161 164 165 167 171 172 174 175 178 179 180 184 187 188 189 190 191 196 198 200 202 206 209 210 211 214 218 219 221 222 223 230 232 233 238 242 243 246 248 249 250 254 255 256 261 262 264 
8 11 13 21 41 60 82 91 92 103 112 115 118 128 130 131 138 141 166 173 177 182 183 193 197 199 204 215 241 263 265 
10 25 30 45 70 83 88 89 95 105 116 120 122 133 145 146 152 153 168 192 207 225 227 237 239 247 258 259 260 
14 
26 46 79 96 97 134 142 157 163 176 185 186 194 195 217 224 231 234 244 245 252 253 
1 2 27 28 39 65 67 72 80 81 84 100 102 110 111 113 137 143 148 154 160 162 169 170 181 201 203 205 208 212 213 216 220 226 228 229 235 236 240 251 257 
3 4 5 6 7 9 12 15 16 17 18 19 20 22 23 24 29 31 32 33 34 35 36 37 38 40 42 43 44 47 48 49 50 51 52 53 54 55 56 57 58 59 61 62 63 64 66 68 69 71 73 74 75 76 77 78 85 86 87 90 93 94 98 99 101 104 106 108 109 114 117 119 121 123 124 125 126 127 129 132 135 136 139 140 144 147 149 150 151 155 156 158 159 161 164 165 167 171 172 174 175 178 179 180 184 187 188 189 190 191 196 198 200 202 206 209 210 211 214 218 219 221 222 223 230 232 233 238 242 243 246 248 249 250 254 255 256 261 262 264 
8 11 13 21 41 60 82 91 92 103 107 112 115 118 128 130 131 138 141 166 173 177 182 183 193 197 199 204 215 241 263 265 
10 25 30 45 70 83 88 89 95 105 116 120 122 133 145 146 152 153 168 192 207 225 227 237 239 247 258 259 260 
14 
26 46 79 96 97 134 142 157 163 176 185 186 194 195 217 224 231 234 244 245 252 253 
1 2 4 27 28 39 65 67 72 80 81 84 100 102 110 111 113 137 143 148 151 154 160 162 169 170 181 201 203 205 208 212 213 216 220 226 228 229 235 236 240 251 257 
3 5 6 7 9 12 15 16 17 18 19 20 22 23 24 29 31 32 33 34 35 36 37 38 40 42 43 44 47 48 49 50 51 52 53 54 55 56 57 58 59 61 62 64 66 68 69 71 73 74 75 76 77 78 85 86 87 90 93 94 98 99 101 104 106 108 109 114 117 119 121 123 124 125 126 127 129 130 132 135 136 139 140 144 147 149 150 155 156 158 159 161 164 165 167 171 172 174 175 178 179 180 184 187 188 189 190 191 196 198 200 202 206 209 210 214 218 219 221 222 223 230 232 233 238 242 243 246 248 249 250 254 255 256 261 262 264 
8 11 13 21 41 60 82 91 92 103 107 112 115 118 128 131 138 141 166 173 177 182 183 193 197 199 204 215 241 263 265 
10 25 30 45 70 83 88 89 95 105 116 120 122 133 145 146 152 153 168 192 207 225 227 237 239 247 258 259 260 
14 
26 46 63 79 96 97 134 142 157 163 176 185 186 194 195 211 217 224 231 234 244 245 252 253 
1 2 4 27 28 39 65 67 72 80 81 84 100 102 110 111 113 137 143 148 151 154 160 162 169 170 181 201 203 205 208 212 213 216 220 226 228 229 235 236 240 251 257 
3 5 6 7 9 12 15 16 17 18 19 20 22 23 24 29 31 32 33 35 36 37 38 40 42 43 44 47 48 49 50 51 52 53 54 55 56 57 58 59 61 62 64 66 69 71 73 74 75 76 77 78 85 86 93 94 98 99 101 104 106 108 109 114 117 119 121 123 124 125 126 127 129 130 132 135 136 139 140 144 149 150 155 156 158 161 164 165 167 171 172 174 175 178 179 184 187 188 189 190 191 196 198 200 202 206 209 210 214 218 219 221 222 223 230 232 233 238 242 243 246 248 249 250 254 255 256 261 262 264 
8 11 13 21 34 41 60 68 82 87 90 91 92 103 107 112 115 118 128 131 138 141 147 159 166 173 177 180 182 183 193 197 199 204 215 241 263 265 
10 25 30 45 70 83 88 89 95 105 116 120 122 133 145 146 152 153 168 192 207 225 227 237 239 247 258 259 260 
14 
26 46 63 79 96 97 134 142 157 163 176 185 186 194 195 211 217 224 231 234 244 245 252 253 
1 2 4 22 27 28 39 65 67 72 73 80 81 84 100 102 110 111 113 137 143 148 151 154 160 162 169 170 181 201 203 205 208 212 213 216 220 226 228 229 235 236 240 251 257 
3 5 6 7 9 12 15 16 17 18 19 20 23 24 29 31 32 33 34 35 36 37 38 40 42 43 44 47 48 49 50 51 52 53 54 55 56 57 58 59 61 62 64 66 68 69 71 74 75 76 77 78 85 86 87 90 93 94 98 99 101 104 106 107 108 109 114 117 119 121 123 124 125 126 127 129 130 132 135 136 139 140 144 147 149 150 155 156 158 159 161 164 165 167 171 172 174 175 178 179 180 184 187 188 189 190 191 196 198 200 202 206 209 210 214 218 219 221 222 223 230 232 233 238 242 243 246 248 249 250 254 255 256 261 262 264 
8 10 11 13 21 25 30 41 45 60 70 82 83 88 89 91 92 95 103 105 112 115 116 118 120 122 128 131 133 138 141 145 146 152 153 157 166 168 173 177 182 183 192 193 197 199 204 207 215 225 227 237 239 241 247 258 259 260 263 265 
14 
26 46 63 79 96 97 134 142 163 176 185 186 194 195 211 217 224 231 234 244 245 252 253 
1 2 4 22 27 28 39 65 67 72 73 80 81 84 100 102 110 111 113 137 143 148 151 154 160 162 169 170 181 201 203 205 208 212 213 216 220 226 228 229 235 236 240 251 257 
3 5 6 7 9 12 15 16 17 18 19 20 23 24 29 31 32 34 36 37 38 40 42 43 44 47 48 49 50 51 52 53 54 55 56 57 58 59 61 62 64 66 68 69 71 74 75 76 77 78 85 86 87 90 93 94 98 99 101 104 106 107 108 109 114 117 119 121 124 126 127 129 130 132 135 136 139 140 144 147 149 150 155 156 158 159 161 164 165 167 171 172 174 175 178 179 180 184 187 188 189 190 191 196 198 200 202 206 209 210 214 219 221 222 230 232 233 238 242 243 246 248 249 250 254 255 256 261 262 264 
8 10 11 13 21 25 30 33 35 41 45 60 70 82 83 88 89 91 92 95 103 105 112 115 116 118 120 122 123 125 128 131 133 138 141 145 146 152 153 157 166 168 173 177 182 183 192 193 197 199 204 207 215 218 223 225 227 237 239 241 247 258 259 260 263 265 
14 
26 46 63 79 96 97 134 142 163 176 185 186 194 195 211 217 224 231 234 244 245 252 253 
1 2 4 8 10 11 13 21 22 25 27 28 30 33 35 39 41 45 60 65 67 70 72 73 80 81 82 83 84 88 89 91 92 95 100 102 103 105 110 111 112 113 115 116 118 120 122 123 125 128 131 133 137 138 141 143 145 146 148 151 152 153 154 157 160 162 166 168 169 173 177 182 183 192 193 197 199 201 203 204 205 207 208 212 213 214 215 218 220 223 225 226 227 228 235 236 237 239 240 241 247 251 257 258 259 260 263 265 
3 5 6 7 9 12 15 16 17 18 19 20 23 24 29 31 32 34 36 37 38 40 42 43 44 47 48 49 50 51 52 53 54 55 56 57 58 59 61 62 64 66 68 69 71 74 75 76 77 78 85 86 87 90 93 94 98 99 101 104 106 107 108 109 114 117 119 121 124 126 127 129 130 132 135 136 139 140 144 147 149 150 155 156 158 159 161 164 165 167 171 172 174 175 178 179 180 184 187 188 189 190 191 196 198 200 202 206 209 210 219 221 222 230 232 233 238 242 243 246 248 249 250 254 255 256 261 262 264 
14 
26 46 63 79 96 97 134 142 163 170 176 181 185 186 194 195 211 216 217 224 229 231 234 244 245 252 253 
1 2 4 10 22 25 27 28 30 33 35 39 45 65 67 70 72 73 80 81 83 84 88 89 95 100 102 105 110 111 113 116 120 122 123 125 133 137 143 145 146 148 151 153 154 157 160 162 168 169 192 201 203 205 207 208 212 213 214 218 220 223 225 226 227 228 235 236 237 239 240 247 251 257 258 260 
3 5 6 7 9 12 15 16 17 18 19 20 23 24 29 31 32 34 36 37 38 40 42 43 44 47 48 49 50 51 52 53 54 55 56 57 58 59 61 62 64 66 68 69 71 74 75 76 77 78 85 86 87 90 93 94 98 99 101 104 106 107 108 109 114 117 119 121 124 126 127 129 130 132 135 136 139 140 144 147 149 150 155 156 158 159 161 164 165 167 171 172 174 175 178 179 180 184 185 187 188 189 190 191 196 198 200 202 206 209 210 219 221 222 230 232 233 238 242 243 244 246 248 249 250 254 255 256 261 262 263 264 
8 11 13 21 41 60 82 91 92 103 112 115 118 128 131 138 141 152 166 173 177 182 183 193 197 199 204 215 241 259 265 
14 
26 46 63 79 96 97 134 142 163 170 176 181 186 194 195 211 216 217 224 229 231 234 245 252 253 
1 2 10 22 25 27 28 30 33 35 39 45 67 70 73 81 83 84 88 89 95 105 116 120 122 123 125 133 145 146 148 153 154 157 160 168 192 203 207 213 214 218 223 225 227 228 236 237 239 247 251 258 260 
3 5 6 7 9 12 15 16 17 18 19 20 23 24 29 31 32 34 36 37 38 40 42 43 44 47 48 49 50 51 52 53 54 55 56 57 58 59 61 62 64 66 68 69 71 74 75 76 77 78 85 86 87 90 93 94 98 99 101 104 106 107 108 109 114 117 119 121 124 126 127 129 130 132 135 136 139 140 144 147 149 150 155 156 158 159 161 164 165 167 171 172 174 178 179 180 184 185 187 188 189 190 191 196 198 200 202 206 209 210 219 221 222 230 232 233 238 243 244 246 248 249 250 254 255 256 261 262 263 264 
4 26 46 63 65 72 79 80 96 97 100 102 110 111 113 134 137 142 143 151 162 163 169 170 175 176 181 186 194 195 201 205 208 211 212 216 217 220 224 226 229 231 234 235 240 242 245 252 253 257 
8 11 13 21 41 60 82 91 92 103 112 115 118 128 131 138 141 152 166 173 177 182 183 193 197 199 204 215 241 259 265 
14 
1 2 3 5 6 7 9 10 12 15 16 17 18 19 20 22 23 24 25 27 28 29 30 31 32 33 34 35 36 37 38 39 40 42 43 44 45 47 48 49 50 51 52 53 54 55 56 57 58 59 61 62 64 66 67 68 69 70 71 73 74 75 76 77 78 81 83 84 85 86 87 88 89 90 93 94 95 98 99 101 104 105 106 107 108 109 114 116 117 119 120 121 122 123 124 125 126 127 129 130 132 133 135 136 139 140 144 145 146 147 148 149 150 153 154 155 156 157 158 159 160 161 164 165 167 168 171 172 174 178 179 180 184 185 187 188 189 190 191 192 196 198 200 202 203 206 207 209 210 213 214 218 219 221 222 223 225 227 228 230 232 233 236 237 238 239 243 244 246 247 248 249 250 251 254 255 256 258 260 261 262 263 264 
4 26 46 63 65 72 79 80 96 97 100 102 110 111 113 134 137 142 143 151 162 163 169 170 175 176 181 186 194 195 201 205 208 211 212 216 217 220 224 226 229 231 234 235 240 242 245 252 253 257 
8 11 13 21 41 60 82 91 92 103 112 115 118 128 131 138 141 152 166 173 177 182 183 193 197 199 204 215 241 259 265 
14 
1 2 3 6 7 9 10 12 15 16 17 18 19 20 22 23 24 25 27 28 29 30 31 32 33 34 35 36 37 38 39 40 42 44 45 47 48 49 50 51 52 53 54 55 56 57 58 59 62 64 66 67 68 69 70 71 73 74 75 76 77 78 81 83 84 85 86 87 88 89 90 93 94 95 98 101 104 105 106 107 108 109 114 115 116 117 119 120 121 122 123 124 125 126 127 129 130 132 133 135 136 139 140 144 145 146 147 148 149 150 153 154 155 156 157 158 159 160 161 163 164 167 168 171 172 174 178 179 180 184 185 187 188 189 190 191 192 193 196 198 199 200 202 203 206 207 209 210 213 214 215 217 218 219 221 222 223 225 227 228 230 232 233 236 237 238 239 241 243 244 246 247 248 249 250 251 253 254 255 256 258 260 261 262 263 264 
4 5 26 43 46 61 63 65 72 79 80 96 97 99 100 102 110 111 113 134 137 142 143 151 162 165 169 170 175 176 181 186 194 195 201 205 208 211 212 216 220 224 226 229 231 234 235 240 242 245 252 257 
8 11 13 21 41 60 82 91 92 103 112 118 128 131 138 141 152 166 173 177 182 183 197 204 259 265 
14 
1 2 3 6 7 10 12 15 16 17 18 19 20 22 23 24 25 27 28 29 30 31 32 33 34 35 36 37 38 39 40 42 44 45 47 48 49 50 51 52 53 54 55 56 57 58 59 62 64 66 67 68 69 70 71 73 74 75 76 77 78 81 83 84 85 86 87 88 89 90 93 94 95 98 101 104 105 106 107 108 109 114 115 116 117 119 120 121 122 123 124 125 126 127 129 130 132 133 135 136 140 144 145 146 147 148 149 150 153 154 155 156 157 158 159 160 161 163 164 167 168 171 172 174 178 179 180 184 185 187 188 189 190 191 192 193 196 198 199 200 202 203 206 207 209 210 213 214 215 217 218 219 221 222 223 225 227 228 230 232 233 236 237 238 239 241 243 244 246 247 248 249 250 251 253 254 255 256 258 260 261 262 263 264 
4 5 9 26 43 46 61 63 65 72 79 80 96 97 99 100 102 110 111 113 134 139 142 143 151 162 165 169 170 175 176 181 186 194 195 201 205 208 211 212 216 220 224 226 229 231 234 235 240 242 245 252 257 
8 11 13 21 41 60 82 91 92 103 112 118 128 131 138 141 152 166 173 177 182 183 197 204 259 265 
14 137 
1 2 10 16 22 25 27 28 33 34 35 39 56 58 59 67 70 73 78 81 83 84 87 89 93 95 98 105 107 114 116 120 123 125 130 133 140 145 146 147 148 149 150 154 157 160 163 168 174 180 184 192 203 213 214 218 223 225 228 230 236 238 239 246 247 251 253 255 256 258 263 
3 4 5 6 7 9 12 15 17 18 19 20 23 24 26 29 30 31 32 36 37 38 40 42 43 44 45 46 47 48 49 50 51 52 53 54 55 57 61 62 63 64 65 66 68 69 71 72 74 75 76 77 79 80 85 86 88 90 94 96 97 99 100 101 102 104 106 108 109 110 111 113 115 117 119 121 122 124 126 127 129 132 134 135 136 139 142 143 144 151 153 155 156 158 159 161 162 164 165 167 169 170 171 172 175 176 178 179 181 185 186 187 188 189 190 191 193 194 195 196 198 199 200 201 202 205 206 207 208 209 210 211 212 215 216 217 219 220 221 222 224 226 227 229 231 232 233 234 235 237 240 241 242 243 244 245 248 249 250 252 254 257 260 261 262 264 
8 11 13 21 41 60 82 91 92 103 112 118 128 131 138 141 152 166 173 177 182 183 197 204 259 265 
14 137 
1 2 22 25 27 28 32 33 34 35 39 56 58 59 67 70 73 78 81 83 84 87 93 95 98 105 107 114 116 120 123 125 130 133 140 145 146 147 148 149 150 154 157 160 163 168 174 180 184 192 203 213 214 218 223 225 228 230 236 238 239 246 247 251 253 255 256 258 263 
3 4 5 6 7 9 10 12 15 16 17 18 19 20 23 24 26 29 30 31 36 37 38 40 42 43 44 45 46 47 48 49 50 51 52 53 54 55 57 61 62 63 64 65 66 68 69 71 72 74 75 76 77 79 80 85 86 88 89 90 94 96 97 99 100 101 102 104 106 108 109 110 111 113 115 117 119 121 122 124 126 127 129 132 134 135 136 139 142 143 144 151 153 155 156 158 159 161 162 164 165 167 169 170 171 172 175 176 178 179 181 185 186 187 188 189 190 191 193 194 195 196 198 199 200 201 202 205 206 207 208 209 210 211 212 215 216 217 219 220 221 222 224 226 227 229 231 232 233 234 235 237 240 241 242 243 244 245 248 249 250 252 254 257 260 261 262 264 
8 11 13 21 41 60 82 91 92 103 112 118 128 131 138 141 152 166 173 177 182 183 197 204 259 265 
14 137 
1 2 22 25 27 28 32 33 34 35 39 56 59 67 70 73 78 81 83 84 87 93 95 105 107 110 114 116 120 123 125 130 133 140 145 146 147 148 149 150 154 157 160 168 169 174 180 184 192 203 213 214 218 223 225 228 230 236 238 239 246 247 251 255 256 258 263 
3 4 5 6 7 9 10 12 15 16 17 18 19 20 23 24 26 29 30 31 36 37 38 40 42 43 44 45 46 47 48 49 50 51 52 53 54 55 57 58 61 62 63 64 65 66 68 69 71 72 74 75 76 77 79 80 85 86 88 89 90 94 96 97 98 99 100 101 102 104 106 108 109 111 113 115 117 119 121 122 124 126 127 129 132 134 135 136 139 142 143 144 151 153 155 156 158 159 161 162 163 164 165 167 170 171 172 175 176 178 179 181 185 186 187 188 189 190 191 193 194 195 196 198 199 200 201 202 205 206 207 208 209 210 211 212 215 216 217 219 220 221 222 224 226 227 229 231 232 233 234 235 237 240 241 242 243 244 245 248 249 250 252 253 254 257 260 261 262 264 
8 11 13 21 41 60 82 91 92 103 112 118 128 131 138 141 152 166 173 177 182 183 197 204 259 265 
14 137 
1 2 22 25 27 28 32 33 34 35 39 56 59 67 70 73 78 81 83 84 87 93 95 105 107 110 114 116 120 123 125 130 133 140 145 146 147 148 149 150 154 157 160 168 169 174 180 184 192 203 213 214 218 223 225 228 230 236 238 239 246 247 251 255 256 258 263 
3 4 5 6 7 9 10 12 15 16 17 18 19 20 23 24 26 29 30 31 36 37 38 40 42 43 44 45 46 47 48 49 50 51 52 53 54 55 57 58 61 62 63 64 65 66 68 69 71 72 74 75 76 77 79 80 85 86 88 89 90 94 96 97 98 99 100 101 102 104 106 108 109 111 113 115 117 119 121 122 124 126 127 129 132 134 135 136 139 142 143 144 151 153 155 156 158 159 161 162 163 164 165 167 170 171 172 175 176 178 179 181 185 186 187 188 189 190 191 193 194 195 196 198 199 200 201 202 205 206 207 208 209 210 211 212 215 216 217 219 220 221 222 224 226 227 229 231 232 233 234 235 237 240 241 242 243 244 245 248 249 250 252 253 254 257 260 261 262 264 
8 11 13 21 41 60 82 91 92 103 112 118 128 131 138 141 152 166 173 177 182 183 197 204 259 265 
14 137 
1 2 22 25 27 28 32 33 34 35 39 56 59 67 73 78 81 83 84 87 93 95 105 107 110 114 116 120 123 125 130 133 140 145 146 147 148 149 150 154 157 160 168 169 174 180 184 192 203 213 214 218 223 225 228 230 236 238 239 246 247 251 255 256 258 263 
3 4 5 6 7 9 10 12 15 16 17 18 19 20 23 24 26 29 30 31 36 37 38 40 42 43 44 45 46 47 48 49 50 51 52 53 54 55 57 58 61 62 63 64 65 66 68 69 70 71 72 74 75 76 77 79 80 85 86 88 89 90 94 96 97 98 99 100 101 102 104 106 108 109 111 113 115 117 119 121 122 124 126 127 129 132 134 135 136 139 142 143 144 151 153 155 156 158 159 161 162 163 164 165 167 170 171 172 175 176 178 179 181 185 186 187 188 189 190 191 193 194 195 196 198 199 200 201 202 205 206 207 208 209 210 211 212 215 216 217 219 220 221 222 224 226 227 229 231 232 233 234 235 237 240 241 242 243 244 245 248 249 250 252 253 254 257 260 261 262 264 
8 11 13 21 41 60 82 91 92 103 112 118 128 131 138 141 152 166 173 177 182 183 197 204 259 265 
14 137 
1 2 3 4 5 6 7 9 10 12 15 16 17 18 19 20 22 23 24 25 26 27 28 29 30 31 32 33 34 35 36 37 38 39 40 42 43 44 45 46 47 48 49 50 51 52 53 54 55 56 57 58 59 61 62 63 64 65 66 67 68 69 70 71 72 73 74 75 76 77 78 79 80 81 83 84 85 86 87 88 89 90 93 94 95 96 97 98 99 100 101 102 104 105 106 107 108 109 110 111 114 115 116 117 119 120 121 122 123 124 125 126 127 129 130 132 133 134 135 136 139 140 142 143 144 145 146 147 148 149 150 151 153 154 155 156 157 158 159 160 161 162 163 164 165 167 168 169 170 171 172 174 175 176 178 179 180 181 184 185 186 187 188 189 190 191 192 193 194 195 196 198 199 200 201 202 203 205 206 207 208 209 210 211 212 213 214 215 216 217 218 219 220 221 222 223 224 225 226 227 228 229 230 231 232 233 234 235 236 237 238 239 240 241 242 243 244 245 246 247 248 249 250 251 252 253 254 255 256 257 258 260 261 262 263 264 
8 11 13 21 41 60 82 91 92 103 112 113 118 128 131 138 141 152 166 173 177 182 183 197 204 259 265 
14 137 
1 2 4 10 12 16 19 22 25 26 27 28 30 31 32 33 34 35 36 38 39 42 44 45 46 53 54 56 57 59 63 67 68 70 73 77 78 79 81 83 84 86 87 90 93 95 96 97 98 105 107 110 114 116 117 120 123 124 125 129 130 132 133 134 136 140 142 144 145 146 147 148 149 150 151 153 154 156 157 159 160 162 163 167 168 169 171 172 174 175 176 179 180 184 186 189 190 191 192 194 195 196 201 203 205 208 209 211 213 214 216 218 219 220 222 223 224 225 226 227 228 229 230 231 234 235 236 237 238 239 240 242 245 246 247 248 251 252 253 254 255 256 257 258 261 263 264 
3 5 6 7 9 17 18 20 23 24 29 37 40 43 47 48 49 50 51 52 55 58 61 62 64 65 66 69 71 72 74 75 76 80 85 88 89 94 99 100 101 102 104 106 108 109 111 115 119 121 122 126 127 135 139 143 155 158 161 164 165 170 178 181 185 187 188 193 198 199 200 202 206 207 210 212 215 217 221 232 233 241 243 244 249 250 260 262 
8 11 13 15 21 41 60 82 91 92 103 112 113 118 128 131 138 141 152 166 173 177 182 183 197 204 259 265 
14 137 
1 2 10 19 22 25 27 28 30 31 32 33 34 35 39 42 44 45 53 54 56 57 59 67 73 77 78 81 83 84 87 93 95 98 105 107 110 114 116 117 120 123 125 130 132 133 140 145 146 147 148 149 150 153 154 157 160 163 167 168 169 174 180 184 189 190 191 192 203 209 213 214 218 222 223 225 227 228 230 236 237 238 239 246 247 251 253 254 255 256 258 263 264 
3 4 5 6 7 9 12 16 17 18 20 23 24 26 29 36 37 38 40 43 46 47 48 49 50 51 52 55 58 61 62 63 64 65 66 68 69 70 71 72 74 75 76 79 80 85 86 88 89 90 94 96 97 99 100 101 102 104 106 108 109 111 115 119 121 122 124 126 127 129 134 135 136 139 142 143 144 151 155 156 158 159 161 162 164 165 170 171 172 175 176 178 179 181 185 186 187 188 193 194 195 196 198 199 200 201 202 205 206 207 208 210 211 212 215 216 217 219 220 221 224 226 229 231 232 233 234 235 240 241 242 243 244 245 248 249 250 252 257 260 261 262 
8 11 13 15 21 41 60 82 91 92 103 112 113 118 128 131 138 141 152 166 173 177 182 183 197 204 259 265 
14 137 
1 2 10 19 22 25 27 28 30 31 32 33 34 35 39 42 44 45 53 54 57 59 67 73 77 78 81 83 84 87 93 95 98 105 107 109 110 114 116 117 120 123 125 130 132 133 140 145 146 147 148 149 150 153 154 157 158 163 167 168 169 174 180 184 189 190 191 192 203 209 213 214 218 222 223 225 227 228 230 236 237 238 239 246 247 251 253 254 255 256 258 263 264 
3 4 5 6 7 9 12 16 17 18 20 23 24 26 29 36 37 38 40 43 46 47 48 49 50 51 52 55 58 61 62 63 64 65 66 68 69 70 71 72 74 75 76 79 80 85 86 88 89 90 94 96 97 99 100 101 102 104 106 108 111 115 119 121 122 124 126 127 129 134 135 136 139 142 143 144 151 155 156 159 160 161 162 164 165 170 171 172 175 176 178 179 181 185 186 187 188 193 194 195 196 198 199 200 201 202 205 206 207 208 210 211 212 215 216 217 219 220 221 224 226 229 231 232 233 234 235 240 241 242 243 244 245 248 249 250 252 257 260 261 262 
8 11 13 15 21 41 56 60 82 91 92 103 112 113 118 128 131 138 141 152 166 173 177 182 183 197 204 259 265 
14 137 
1 2 10 19 22 25 27 28 30 31 32 39 42 44 45 53 54 57 59 67 73 77 78 81 83 84 95 98 105 110 114 116 117 120 125 130 132 133 140 145 146 148 149 150 153 154 157 163 167 168 169 184 189 190 191 209 213 214 218 222 223 227 228 230 236 237 238 239 247 251 253 254 256 258 263 264 
3 6 24 29 49 52 55 58 64 75 94 101 121 155 161 164 187 200 206 232 262 
4 5 7 9 12 16 17 18 20 23 26 33 34 35 36 37 38 40 43 46 47 48 50 51 61 62 63 65 66 68 69 70 71 72 74 76 79 80 85 86 87 88 89 90 93 96 97 99 100 102 104 106 107 108 109 111 115 119 122 123 124 126 127 129 134 135 136 139 142 143 144 147 151 156 158 159 160 162 165 170 171 172 174 175 176 178 179 180 181 185 186 188 192 193 194 195 196 198 199 201 202 203 205 207 208 210 211 212 215 216 217 219 220 221 224 225 226 229 231 233 234 235 240 241 242 243 244 245 246 248 249 250 252 255 257 260 261 
8 11 13 15 21 41 56 60 82 91 92 103 112 113 118 128 131 138 141 152 166 173 177 182 183 197 204 259 265 
14 137 
1 2 10 19 22 25 27 28 30 31 32 39 42 44 45 53 54 57 59 67 73 77 78 81 83 84 95 98 105 110 114 116 117 120 125 130 132 133 140 145 146 148 149 150 153 154 157 163 167 168 169 172 184 189 190 191 209 213 214 218 222 223 227 228 230 236 237 238 239 247 251 253 254 256 258 263 264 
3 6 24 29 49 52 55 58 64 75 94 101 121 155 161 164 187 200 206 232 262 
4 5 7 9 12 16 17 18 20 23 26 33 34 35 36 37 38 40 43 46 47 48 50 51 61 62 63 65 66 68 69 70 71 72 74 76 79 80 85 86 87 88 89 90 93 96 97 99 100 102 104 106 107 108 109 111 115 119 122 123 124 126 127 129 134 135 136 139 142 143 144 147 151 156 158 159 160 162 165 170 171 174 175 176 178 179 180 181 185 186 188 192 193 194 195 196 198 199 201 202 203 205 207 208 210 211 212 215 216 217 219 220 221 224 225 226 229 231 233 234 235 240 241 242 243 244 245 246 248 249 250 252 255 257 260 261 
8 11 13 15 21 41 56 60 82 91 92 103 112 113 118 128 131 138 141 152 166 173 177 182 183 197 204 259 265 
14 137 
1 2 10 19 22 25 27 28 30 31 32 39 42 44 45 53 54 57 59 67 73 77 78 81 83 84 95 98 105 110 114 116 117 120 125 130 132 133 136 140 145 146 148 149 150 153 154 156 157 163 167 168 169 171 172 184 189 190 191 209 213 214 218 222 223 227 228 230 236 237 238 239 245 247 251 253 254 256 258 263 264 
3 6 24 29 49 52 55 58 64 75 94 101 121 155 161 164 187 200 206 232 262 
4 5 7 9 12 16 17 18 20 23 26 33 34 35 36 37 38 43 46 47 48 50 51 61 62 63 65 66 68 69 70 71 72 74 76 79 80 85 86 87 88 89 90 93 96 97 99 100 102 104 106 107 108 109 111 115 119 122 123 124 126 127 129 134 135 139 142 143 144 147 151 158 159 160 162 165 170 174 175 176 178 179 180 181 185 186 188 192 193 194 195 196 198 199 201 202 203 205 207 208 210 211 212 215 216 217 219 220 221 224 225 226 229 231 233 234 235 240 241 242 243 244 246 248 249 250 252 255 257 260 261 
8 11 13 15 21 40 41 56 60 82 91 92 103 112 113 118 128 131 138 141 152 166 173 177 182 183 197 204 259 265 
14 137 
1 2 10 19 22 25 27 28 30 31 32 33 34 39 42 44 45 53 54 57 59 67 73 77 78 81 83 84 87 93 95 98 105 107 109 110 114 116 117 120 123 125 130 132 133 136 140 145 146 147 148 149 150 153 154 156 157 158 163 167 168 169 171 172 174 180 184 189 190 191 192 203 209 213 214 218 222 223 225 227 228 230 236 237 238 239 245 246 247 251 253 254 255 256 258 263 264 
3 6 24 29 49 52 55 58 64 74 75 94 101 121 155 161 164 187 200 206 232 262 
4 5 7 9 12 16 17 18 20 23 26 35 36 37 38 43 46 47 48 50 51 61 62 63 65 66 68 69 70 71 72 76 79 80 85 86 88 89 90 96 97 99 100 102 104 106 108 111 115 119 122 124 126 127 129 134 135 139 142 143 144 151 159 160 162 165 170 175 176 178 179 181 185 186 188 193 194 195 196 198 199 201 202 205 207 208 210 211 212 215 216 217 219 220 221 224 226 229 231 233 234 235 240 241 242 243 244 248 249 250 252 257 260 261 
8 11 13 15 21 40 41 56 60 82 91 92 103 112 113 118 128 131 138 141 152 166 173 177 182 183 197 204 259 265 
14 137 
1 2 10 19 22 25 27 28 30 31 32 34 37 39 42 44 45 53 54 57 59 67 68 70 73 77 78 81 83 84 87 90 93 95 98 107 109 110 114 116 117 123 125 130 132 133 140 146 147 148 149 150 153 154 157 158 159 163 167 168 169 171 172 174 180 184 189 190 191 192 203 209 213 214 222 223 225 227 228 230 236 237 238 245 246 247 251 253 254 255 256 258 263 264 
3 6 24 29 49 52 55 58 64 74 75 94 101 121 155 161 164 187 200 206 232 262 
4 5 9 12 16 17 18 20 23 26 33 35 36 38 43 46 47 48 50 51 61 62 63 65 66 69 71 72 76 79 80 85 86 88 89 96 97 99 100 102 104 105 106 108 111 115 119 120 122 124 126 127 129 134 135 136 139 142 143 144 145 151 156 160 162 165 170 175 176 178 179 181 185 186 188 193 194 195 196 198 199 201 202 205 207 208 210 211 212 215 216 218 219 220 221 224 226 229 231 233 234 235 239 240 241 242 243 244 248 249 250 252 257 260 261 
7 8 11 13 15 21 40 41 56 60 82 91 92 103 112 113 118 128 131 138 141 152 166 173 177 182 183 197 204 217 259 265 
14 137 
1 2 3 6 10 19 22 24 25 27 28 29 30 31 32 37 39 42 44 45 49 52 53 54 55 57 58 59 64 67 68 70 73 74 75 77 78 81 83 84 90 94 95 98 101 107 110 114 116 117 121 123 125 130 132 133 140 146 148 149 150 153 154 155 157 159 161 163 164 167 168 169 171 172 184 187 189 190 191 192 200 206 209 213 214 219 222 223 225 227 228 230 232 236 237 238 245 247 251 253 254 256 258 262 263 264 
4 5 9 12 16 17 18 20 23 26 33 34 35 36 38 43 46 47 48 50 51 61 62 63 65 66 69 71 72 76 79 80 85 86 87 88 89 93 96 97 99 100 102 104 105 106 108 109 111 115 119 120 122 124 126 127 129 134 135 136 139 142 143 144 145 147 151 156 158 160 162 165 170 174 175 176 178 179 180 181 185 186 188 193 194 195 196 198 199 201 202 203 205 207 208 210 211 212 215 216 218 220 221 224 226 229 231 233 234 235 239 240 241 242 243 244 246 248 249 250 252 255 257 260 261 
7 8 11 13 15 21 40 41 56 60 82 91 92 103 112 113 118 128 131 138 141 152 166 173 177 182 183 197 204 217 259 265 
14 137 
1 2 3 6 10 19 22 24 25 27 28 29 30 31 32 37 39 42 44 45 49 52 53 54 55 57 58 59 64 67 68 70 73 74 75 77 78 81 83 84 90 94 95 98 101 107 110 114 116 117 121 123 125 130 132 133 140 146 148 149 150 153 154 155 157 159 161 164 167 168 169 171 172 184 187 189 190 191 192 200 206 209 213 214 219 222 223 225 227 228 230 232 236 237 238 245 247 251 253 254 256 258 262 263 264 
4 5 9 12 16 17 18 20 23 26 33 34 35 36 38 43 46 47 48 50 51 61 62 63 65 66 69 71 72 79 80 85 86 87 88 89 93 96 97 99 100 102 104 105 106 108 109 111 115 119 120 122 124 126 127 129 134 135 136 139 142 143 144 145 147 151 156 158 160 162 165 170 174 175 176 178 179 180 181 185 186 188 194 195 196 198 201 202 203 205 208 210 211 212 216 218 220 221 224 226 229 231 233 234 235 239 240 242 243 244 246 248 249 250 252 255 257 260 261 
7 8 11 13 15 21 40 41 56 60 82 91 92 103 112 113 118 128 131 138 141 152 166 173 177 182 183 197 204 217 259 265 
14 76 137 163 193 199 207 215 241 
1 2 3 4 5 6 9 10 12 16 17 18 19 20 22 23 24 25 26 27 28 29 30 31 32 33 34 35 36 37 38 39 40 42 43 44 45 46 47 48 49 50 51 52 53 54 55 57 58 59 61 62 63 64 65 66 67 68 69 70 71 72 73 74 75 77 78 79 80 81 83 84 85 86 87 88 89 90 93 94 95 96 97 98 99 100 101 102 104 105 106 107 108 109 110 111 114 115 116 117 119 120 121 122 123 124 125 126 127 129 130 132 133 134 135 136 139 140 142 143 144 145 146 147 148 149 150 151 153 154 155 156 157 158 159 160 161 162 164 165 167 168 169 170 171 172 174 175 176 178 179 180 181 184 185 186 187 188 189 190 191 192 194 195 196 198 200 201 202 203 205 206 208 209 210 211 212 213 214 216 218 219 220 221 222 223 224 225 226 227 228 229 230 231 232 233 234 235 236 237 238 239 240 242 243 244 245 246 247 248 249 250 251 252 253 254 255 256 257 258 260 261 262 263 264 
7 8 11 13 15 21 41 56 60 82 91 92 103 112 113 118 128 131 138 141 152 166 173 177 182 183 197 204 217 259 265 
14 76 137 163 193 199 207 215 241 
1 2 3 4 5 6 7 9 10 12 16 17 18 19 20 22 23 24 25 26 27 28 29 30 31 32 33 34 35 36 37 38 39 40 42 43 44 45 46 47 48 49 50 51 52 53 54 55 57 58 59 61 62 63 64 65 66 67 68 69 70 71 72 73 74 75 77 78 79 80 81 83 84 85 86 87 88 89 90 93 94 95 96 97 98 99 100 101 102 104 105 106 107 108 109 110 111 114 115 116 117 119 120 121 122 123 124 125 126 127 129 130 132 133 134 135 136 139 140 142 143 144 145 146 147 148 149 150 151 153 154 155 156 157 158 159 160 161 162 164 165 167 168 169 170 171 172 174 175 176 178 179 180 181 184 185 186 187 188 189 190 191 192 194 195 196 198 200 201 202 203 205 206 208 209 210 211 212 213 214 216 217 218 219 220 221 222 223 224 225 226 227 228 229 230 231 232 233 234 235 236 237 238 239 240 242 243 244 245 246 247 248 249 250 251 252 253 254 255 256 257 258 260 261 262 263 264 
8 11 13 15 21 41 56 60 82 91 92 103 112 113 118 128 131 138 141 152 166 173 177 182 183 197 204 259 265 
14 76 137 163 193 199 207 215 241 
1 2 3 4 5 6 7 9 10 12 16 17 18 19 20 22 23 24 25 26 27 28 29 30 31 32 33 34 35 36 37 38 40 42 43 44 45 46 47 48 49 50 51 52 53 54 55 57 58 59 61 62 63 64 65 66 67 68 69 70 71 72 73 74 75 77 79 80 81 83 84 85 86 87 88 89 90 93 94 95 96 97 98 99 100 101 102 104 105 106 107 108 109 110 111 114 115 116 117 119 120 121 122 123 124 125 126 127 129 130 132 133 134 135 136 139 140 142 143 144 145 146 147 148 149 150 151 153 154 155 156 157 158 159 160 161 162 164 165 167 169 170 171 172 174 175 176 178 179 180 181 184 185 186 187 188 189 190 191 192 194 195 196 198 200 201 202 203 205 206 208 209 210 211 212 213 214 216 217 218 219 220 221 222 223 224 225 226 227 228 229 230 231 232 233 234 235 236 237 238 239 240 242 243 244 245 246 247 248 249 250 252 253 254 255 256 257 258 260 261 262 263 264 
8 11 13 15 21 39 41 56 60 78 82 91 92 103 112 113 118 128 131 138 141 152 166 168 173 177 182 183 197 204 251 259 265 
14 76 137 163 193 199 207 215 241 
1 2 3 4 5 6 7 9 10 12 16 17 18 19 20 22 23 24 25 26 27 28 29 30 31 32 33 34 35 36 37 38 40 42 43 44 45 46 47 48 49 50 51 52 53 54 55 57 58 59 61 62 63 64 65 66 67 68 69 70 71 72 73 74 75 77 79 80 81 83 84 85 86 87 88 89 90 93 94 95 96 97 98 99 100 101 102 104 105 106 107 108 109 110 111 114 115 116 117 119 120 121 122 123 124 125 126 127 129 130 132 133 134 135 136 139 140 142 143 144 145 146 147 148 149 150 151 153 154 155 156 157 158 159 160 161 162 164 165 167 169 170 171 172 174 175 176 178 179 180 181 184 185 186 187 188 189 190 191 192 194 195 196 198 200 201 202 203 205 206 208 209 210 211 212 213 214 216 217 218 219 220 221 222 223 224 225 226 227 228 229 230 231 232 233 234 235 236 237 238 239 240 242 243 244 245 246 247 248 249 250 252 253 254 255 256 257 258 260 261 262 263 264 
8 11 13 15 21 39 41 56 60 78 82 91 92 103 112 113 118 128 131 138 141 152 166 168 173 177 182 183 197 204 251 259 265 
14 76 137 163 193 199 207 215 241 
1 2 3 4 5 6 7 9 10 12 16 17 18 19 20 22 23 24 25 26 27 28 29 30 31 32 33 34 35 36 37 38 40 42 43 44 45 46 47 48 49 50 51 52 53 54 55 57 58 59 61 62 63 64 65 66 67 68 69 70 71 72 73 74 75 77 79 80 81 83 84 85 86 87 88 89 90 93 94 95 96 97 98 99 100 101 102 104 105 106 107 108 109 110 111 114 115 116 117 119 120 121 122 123 124 125 126 127 129 130 132 133 134 135 136 139 140 142 143 144 145 146 147 148 149 150 151 153 154 155 156 157 158 159 160 162 164 165 167 169 170 171 172 174 175 176 178 179 180 181 184 185 186 187 188 189 190 191 192 194 195 196 198 200 201 202 203 205 206 208 209 210 211 212 213 214 216 217 218 219 220 221 222 223 224 225 226 227 228 229 230 231 232 233 235 236 237 238 239 240 242 243 244 245 246 247 248 249 250 252 253 254 255 256 257 258 260 261 262 263 264 
8 11 13 15 21 39 41 56 60 78 82 91 92 103 112 113 118 128 131 138 141 152 166 168 173 177 182 183 197 204 251 259 265 
14 76 137 161 163 193 199 207 215 234 241 
1 2 3 4 5 6 7 9 10 12 16 17 18 19 20 22 23 24 25 26 27 28 29 30 31 32 33 34 35 36 37 38 40 42 43 44 45 46 47 48 49 50 51 52 53 54 55 57 58 59 61 62 63 64 65 66 67 68 69 70 71 72 73 74 75 77 79 80 81 83 84 85 86 87 88 89 90 93 94 95 96 97 98 99 100 101 102 104 105 106 107 108 109 110 111 114 115 116 117 119 120 121 122 123 124 125 126 127 129 130 132 133 134 135 136 139 140 142 143 144 145 146 147 148 149 150 151 153 154 155 156 157 158 159 160 162 164 165 167 169 170 171 172 174 175 176 178 179 180 181 184 185 186 187 188 189 190 191 192 194 195 196 198 200 201 202 203 205 206 208 209 210 211 212 213 214 216 217 218 219 220 221 222 223 224 225 226 227 228 229 230 231 232 233 235 236 237 238 239 240 242 243 244 245 246 247 248 249 250 252 253 254 255 256 257 258 260 261 262 263 264 
8 11 13 15 21 39 41 56 60 78 82 91 92 103 112 113 118 128 131 138 141 152 166 168 173 177 182 183 197 204 251 259 265 
14 76 137 161 163 193 199 207 215 234 241 
1 2 3 4 5 6 7 9 10 12 16 17 18 19 20 22 23 24 25 26 27 28 29 30 31 32 33 34 35 36 37 38 40 42 43 44 45 46 47 48 49 50 51 52 53 54 55 57 58 59 61 62 63 64 65 66 67 68 69 70 71 72 73 74 75 77 79 80 81 83 84 85 86 87 88 89 90 93 94 95 96 97 98 99 100 101 102 104 105 106 107 108 109 110 111 114 115 116 117 119 120 121 122 123 124 125 126 127 129 130 132 133 134 135 136 139 140 142 143 144 145 146 147 148 149 150 151 153 154 155 156 157 158 159 160 162 164 165 167 169 170 171 172 174 175 176 178 179 180 181 184 185 186 187 188 189 190 191 192 194 195 196 198 200 201 202 203 205 206 208 209 210 211 212 213 214 216 217 218 219 220 221 222 223 224 225 226 227 228 229 230 231 232 233 235 236 237 238 239 240 242 243 244 245 246 247 248 249 250 252 253 254 255 256 257 258 260 261 262 263 264 
8 11 13 15 21 39 41 56 60 78 82 91 92 103 112 113 118 128 131 138 141 152 166 168 173 177 182 183 197 204 251 259 265 
14 76 137 161 163 193 199 207 215 234 241 
1 2 3 5 6 7 9 10 12 16 17 18 19 20 22 23 24 25 26 27 28 29 30 31 32 33 34 35 36 37 38 42 43 44 45 46 47 48 49 50 51 52 53 54 55 57 58 59 61 62 63 64 65 66 67 68 69 70 71 72 73 74 75 77 79 80 81 83 84 85 86 87 88 89 90 93 94 95 96 97 98 99 100 101 102 104 105 106 107 108 109 110 111 114 115 116 117 119 120 121 122 123 125 126 127 129 130 132 133 134 135 136 139 140 142 143 145 146 147 148 149 150 153 154 155 156 157 158 159 164 165 167 169 170 171 172 174 175 176 178 179 180 181 184 185 186 187 188 189 190 191 192 194 195 198 200 202 203 206 208 209 210 211 212 214 216 217 218 219 221 222 223 224 225 227 228 229 230 231 232 233 235 236 237 238 239 240 242 243 244 245 246 247 249 250 252 253 254 255 256 258 260 262 263 264 
4 8 11 13 15 21 39 40 41 56 60 78 82 91 92 103 112 113 118 124 128 131 138 141 144 151 152 160 162 166 168 173 177 182 183 196 197 201 204 205 220 226 248 251 257 259 261 265 
14 76 137 161 163 193 199 207 213 215 234 241 
1 2 3 5 6 7 9 10 12 16 17 18 19 20 22 23 24 25 26 27 28 29 30 31 32 33 34 35 36 37 42 43 44 45 46 47 48 49 50 51 52 53 54 55 57 58 59 61 62 63 64 65 66 67 68 69 70 71 72 73 74 75 77 79 80 81 83 84 85 86 87 88 89 90 93 94 95 96 97 98 99 100 101 102 104 105 106 108 109 110 111 114 115 116 117 119 120 121 122 123 125 126 127 129 132 133 134 135 136 139 140 142 143 144 145 146 147 148 149 150 153 154 155 156 157 158 159 164 165 167 169 170 171 172 174 175 176 178 179 180 181 184 185 186 187 188 189 190 191 192 194 195 198 200 202 203 206 208 209 210 211 212 214 216 217 218 221 222 223 224 225 227 228 229 230 231 232 233 235 236 237 238 239 240 242 243 244 245 246 247 249 250 252 253 254 255 256 258 260 262 263 264 
4 8 11 13 15 21 38 39 40 41 56 60 78 82 91 92 103 107 112 113 118 124 128 130 131 138 141 151 152 160 162 166 168 173 177 182 183 196 197 201 204 205 219 220 226 248 251 257 259 261 265 
14 76 137 161 163 193 199 207 213 215 234 241 
1 2 5 6 9 10 12 16 17 18 20 22 23 24 25 26 28 29 32 33 34 35 36 37 43 46 47 48 49 50 51 52 53 55 59 61 62 63 64 65 66 67 68 69 70 71 72 73 74 75 77 79 80 81 83 84 85 86 87 89 90 93 94 95 96 97 98 99 100 101 102 104 105 106 108 109 110 111 114 115 116 117 119 120 121 123 125 126 127 129 133 134 135 136 139 140 142 143 144 145 146 147 148 149 150 154 156 157 158 159 164 165 169 170 174 175 176 179 180 181 184 185 186 188 190 192 194 195 198 202 203 208 210 211 212 216 218 223 224 225 229 230 231 233 235 237 238 239 240 242 243 244 245 246 247 249 250 252 253 255 256 258 260 263 
3 7 19 27 30 42 44 45 54 57 58 88 122 124 132 153 155 167 171 172 178 187 189 191 196 200 206 209 214 217 221 222 227 228 232 236 254 262 264 
4 8 11 13 15 21 31 38 39 40 41 56 60 78 82 91 92 103 107 112 113 118 128 130 131 138 141 151 152 160 162 166 168 173 177 182 183 197 201 204 205 219 220 226 248 251 257 259 261 265 
14 76 137 161 163 193 199 207 213 215 234 241 
1 2 5 6 9 10 12 16 17 18 20 22 23 24 25 26 28 32 33 34 35 36 37 43 46 47 48 49 50 51 52 53 55 59 61 62 63 64 65 66 67 68 69 70 71 72 73 74 75 77 79 80 81 83 84 85 86 87 89 90 93 94 95 96 97 98 99 100 101 102 104 105 106 108 110 111 114 115 116 117 119 120 121 123 125 126 127 129 133 134 135 136 139 140 142 143 144 145 146 147 148 149 150 154 156 157 159 164 165 169 170 174 175 176 179 180 181 184 185 186 188 190 192 194 195 198 202 203 208 210 211 212 216 218 223 224 225 229 230 231 233 235 237 238 239 240 242 243 244 245 246 247 249 250 252 253 255 256 258 263 
3 4 7 19 27 30 42 44 45 54 57 58 88 122 124 132 153 155 167 171 172 178 187 189 191 196 200 206 209 214 217 221 222 227 228 232 236 254 260 262 264 
8 11 13 15 21 29 31 38 39 40 41 56 60 78 82 91 92 103 107 109 112 113 118 128 130 131 138 141 151 152 158 160 162 166 168 173 177 182 183 197 201 204 205 219 220 226 248 251 257 259 261 265 
14 76 137 161 163 193 199 207 213 215 234 241 
1 2 5 6 9 10 12 16 17 18 20 22 23 24 25 26 28 32 33 34 35 36 37 43 46 47 48 49 50 51 53 55 59 61 62 63 64 65 66 67 68 69 70 71 72 73 74 75 77 79 80 81 83 84 85 86 87 89 90 93 94 95 96 97 98 99 100 101 102 104 105 106 108 110 111 114 115 116 117 119 120 121 123 125 126 127 129 133 134 135 136 139 140 142 143 144 145 146 147 148 149 150 154 156 157 159 164 165 169 170 174 175 176 179 180 181 184 185 186 188 190 192 194 195 198 202 203 208 210 211 212 216 218 223 224 225 229 230 231 233 235 237 238 239 240 242 243 244 245 246 247 249 250 252 253 255 256 258 263 
3 4 7 19 27 30 42 44 45 54 57 58 88 122 124 132 153 155 167 171 172 178 187 189 191 196 200 206 209 214 217 221 222 227 228 232 236 254 260 262 264 
8 11 13 15 21 29 31 38 39 40 41 56 60 78 82 91 92 103 107 109 112 113 118 128 130 131 138 141 151 152 158 160 162 166 168 173 177 182 183 197 201 204 205 219 220 226 248 251 257 259 261 265 
14 52 76 137 161 163 193 199 207 213 215 234 241 
1 2 5 6 9 10 16 18 20 22 23 24 25 26 28 32 33 34 35 36 37 43 46 48 49 50 51 53 59 61 62 63 64 66 67 68 69 70 71 72 73 74 75 77 79 80 81 84 85 86 87 89 90 93 94 95 96 98 99 100 101 102 104 105 106 108 110 111 114 115 116 117 119 120 121 123 125 126 127 129 134 135 136 139 140 142 143 144 145 146 147 148 149 150 154 156 157 159 164 165 169 170 174 175 180 181 184 185 188 192 195 198 202 203 208 210 211 212 218 224 225 230 231 233 237 238 242 243 244 245 246 247 249 250 252 253 255 256 258 263 
3 4 7 12 19 27 30 42 44 45 47 54 57 58 65 88 97 122 124 132 153 155 167 171 172 176 178 179 186 187 189 190 191 194 196 200 206 209 214 216 217 221 222 227 228 229 232 236 239 254 260 262 264 
8 11 13 15 17 21 29 31 38 39 40 41 55 56 60 78 82 83 91 92 103 107 109 112 113 118 128 130 131 133 138 141 151 152 158 160 162 166 168 173 177 182 183 197 201 204 205 219 220 223 226 235 240 248 251 257 259 261 265 
14 52 76 137 161 163 193 199 207 213 215 234 241 
1 2 5 6 9 10 16 18 20 22 23 24 25 26 28 32 33 34 35 36 37 43 46 48 49 50 51 53 59 61 62 63 64 66 67 68 69 70 71 72 73 74 75 77 78 79 80 81 84 85 86 87 89 90 93 94 95 96 98 99 100 101 102 104 105 106 108 110 111 114 115 116 117 119 120 121 123 125 126 127 129 134 135 136 139 140 142 143 144 145 146 147 148 149 150 154 156 157 159 164 165 168 169 170 174 175 180 184 185 188 192 195 198 203 208 210 211 212 218 224 225 230 231 233 237 238 242 243 244 245 246 247 249 252 253 255 256 258 263 
3 4 7 8 11 12 13 15 17 19 21 27 29 30 31 38 39 40 41 42 44 45 47 54 55 56 57 58 60 65 82 83 88 91 92 97 103 107 109 112 113 118 122 124 128 130 131 132 133 138 141 151 152 153 155 158 160 162 166 167 171 172 173 176 177 178 179 181 182 183 186 187 189 190 191 194 196 197 200 201 202 204 205 206 209 214 216 217 219 220 221 222 223 226 227 228 229 232 235 236 239 240 248 250 251 254 257 259 260 261 262 264 265 
14 52 76 137 161 163 193 199 207 213 215 234 241 
1 2 5 6 9 10 16 18 20 22 23 24 25 26 28 32 33 34 35 36 37 40 43 46 48 49 50 51 53 59 61 62 63 64 66 67 68 69 70 71 72 73 74 75 77 78 79 80 81 84 85 86 87 89 90 93 94 95 96 98 99 100 101 102 104 105 106 108 109 110 111 114 115 116 117 119 120 121 123 125 126 127 129 134 135 136 139 140 142 143 144 145 146 147 148 149 150 151 154 156 157 158 159 160 164 165 168 169 170 174 175 180 184 185 188 192 195 198 203 208 210 211 212 218 220 224 225 230 231 233 237 238 242 243 244 245 246 247 248 249 252 253 255 256 258 261 263 
3 4 7 8 11 12 13 15 17 19 21 27 29 30 31 38 39 41 42 44 45 47 54 55 56 57 58 60 65 82 83 88 91 92 97 103 107 112 113 118 122 124 128 130 131 132 133 138 141 152 153 155 162 166 167 171 172 173 176 177 178 179 181 182 183 186 187 189 190 191 194 196 197 200 201 202 204 205 206 209 214 216 217 219 221 222 223 226 227 228 229 232 235 236 239 240 250 251 254 257 259 260 262 264 265 
14 52 76 137 161 163 193 199 207 213 215 234 241 
1 2 5 6 9 10 16 18 20 23 24 25 26 28 32 33 34 35 36 37 40 43 46 48 49 50 51 53 59 61 62 63 64 66 67 68 69 70 71 72 74 75 77 78 79 80 81 84 85 86 87 89 90 93 95 96 98 99 100 101 102 104 105 106 108 109 110 111 114 115 116 117 119 120 123 125 126 127 129 134 135 136 139 140 142 143 144 145 146 147 148 149 150 151 154 156 157 158 159 160 164 165 168 169 170 174 175 180 184 185 188 192 195 198 203 208 210 211 218 220 224 225 230 231 233 237 238 242 243 244 245 246 247 248 249 252 253 255 256 258 261 263 
3 4 7 8 11 12 13 15 17 19 21 22 27 29 30 31 38 39 41 42 44 45 47 54 55 56 57 58 60 65 73 82 83 88 91 92 97 103 107 112 113 118 122 124 128 130 131 132 133 138 141 152 153 155 162 166 167 171 172 173 176 177 178 179 181 182 183 186 187 189 190 191 194 196 197 200 201 202 204 205 206 209 214 216 217 219 221 222 223 226 227 228 229 232 235 236 239 240 250 251 254 257 259 260 262 264 265 
14 52 76 137 161 163 193 199 207 213 215 234 241 
94 121 212 
1 2 5 6 9 10 16 18 20 23 24 25 26 28 32 33 34 35 36 37 40 43 46 48 49 50 51 53 59 61 62 63 64 66 67 68 69 70 71 72 74 75 77 78 79 80 81 84 86 87 89 90 93 95 96 98 99 100 101 102 104 105 106 108 109 110 111 114 115 116 117 119 120 123 125 126 127 129 134 135 136 139 140 142 143 144 145 146 147 148 149 150 151 154 156 157 158 159 160 164 165 168 169 170 174 175 180 184 185 192 195 198 203 208 210 211 218 220 224 225 230 231 233 237 238 242 243 244 245 246 247 248 249 252 253 255 256 258 261 263 
3 4 7 8 11 12 13 15 17 19 21 22 27 29 30 31 38 39 41 42 44 45 47 54 55 56 57 58 60 65 73 82 83 85 88 91 92 97 103 107 112 113 118 122 124 128 130 131 132 133 138 141 152 153 155 162 166 167 171 172 173 176 177 178 179 181 182 183 186 187 188 189 190 191 194 196 197 200 201 202 204 205 206 209 214 216 217 219 221 222 223 226 227 228 229 232 235 236 239 240 250 251 254 257 259 260 262 264 265 
14 52 76 137 161 163 193 199 207 213 215 234 241 
94 121 212 
1 2 5 6 9 10 16 18 20 23 24 25 26 28 32 33 34 35 36 37 40 43 46 48 49 50 51 53 59 61 62 63 64 66 67 68 69 71 72 74 75 77 78 79 80 81 84 86 87 89 90 93 95 98 99 100 101 102 104 105 106 108 109 110 111 114 115 116 117 119 120 123 125 126 127 129 134 135 136 139 140 142 143 144 145 146 147 148 149 150 151 154 156 157 158 159 160 164 165 168 169 170 174 175 180 184 185 192 195 198 203 208 210 211 218 220 224 225 230 231 233 237 238 242 243 244 245 246 247 248 249 252 253 255 256 258 261 263 
3 4 7 8 11 12 13 15 17 19 21 22 27 29 30 31 38 39 41 42 44 45 47 54 55 56 57 58 60 65 70 73 82 83 85 88 91 92 96 97 103 107 112 113 118 122 124 128 130 131 132 133 138 141 152 153 155 162 166 167 171 172 173 176 177 178 179 181 182 183 186 187 188 189 190 191 194 196 197 200 201 202 204 205 206 209 214 216 217 219 221 222 223 226 227 228 229 232 235 236 239 240 250 251 254 257 259 260 262 264 265 
14 52 76 137 161 163 193 199 207 213 215 234 241 
94 121 212 
1 2 5 6 9 10 16 18 20 23 24 25 26 28 32 33 34 35 36 37 40 43 46 48 49 50 51 53 59 61 62 63 64 66 67 68 69 71 72 74 75 77 78 79 80 81 84 86 87 89 90 93 95 98 99 100 101 102 104 105 106 108 109 110 111 114 115 116 117 119 120 123 125 126 127 134 135 136 139 140 142 143 144 145 146 147 148 149 150 151 154 156 157 158 159 160 164 165 168 169 170 174 175 180 184 185 192 195 198 203 208 210 211 218 220 224 225 230 231 233 237 238 242 243 244 245 246 247 248 249 252 253 255 256 258 261 263 
3 4 7 8 11 12 13 15 17 19 21 22 27 29 30 31 38 39 41 42 44 45 47 54 55 56 57 58 60 65 70 73 82 83 85 88 91 92 96 97 103 107 112 113 118 122 124 128 129 130 131 132 133 138 141 152 153 155 162 166 167 171 172 173 176 177 178 179 181 182 183 186 187 188 189 190 191 194 196 197 200 201 202 204 205 206 209 214 216 217 219 221 222 223 226 227 228 229 232 235 236 239 240 250 251 254 257 259 260 262 264 265 
14 52 76 137 161 163 193 199 207 213 215 234 241 
94 121 212 
1 2 5 6 9 10 16 18 20 23 24 25 26 28 32 33 34 35 36 37 40 43 46 48 49 50 51 59 61 62 63 64 66 67 68 69 71 72 74 75 78 79 80 81 84 86 87 89 90 93 95 98 99 100 101 102 104 105 106 108 109 110 111 114 115 116 117 119 120 123 125 126 127 134 135 136 139 140 142 143 144 145 146 147 148 149 150 151 154 156 157 158 159 160 164 165 168 169 170 174 175 180 184 185 192 195 198 203 208 210 211 218 220 224 225 230 231 233 237 238 242 243 244 245 246 247 248 249 252 253 255 256 258 261 263 
3 4 7 8 11 12 13 15 17 19 21 22 27 29 30 31 38 39 41 42 44 45 47 53 54 55 56 57 58 60 65 70 73 77 82 83 85 88 91 92 96 97 103 107 112 113 118 122 124 128 129 130 131 132 133 138 141 152 153 155 162 166 167 171 172 173 176 177 178 179 181 182 183 186 187 188 189 190 191 194 196 197 200 201 202 204 205 206 209 214 216 217 219 221 222 223 226 227 228 229 232 235 236 239 240 250 251 254 257 259 260 262 264 265 
14 52 76 137 161 163 193 199 207 213 215 234 241 
94 121 212 
1 2 3 4 5 6 7 8 9 10 11 12 13 15 16 17 18 19 20 21 22 23 24 25 26 27 28 29 30 31 32 33 34 35 36 37 38 39 40 41 42 43 44 45 46 47 48 49 50 51 53 54 55 56 57 58 59 60 61 62 63 64 65 66 67 68 69 70 71 72 73 74 75 77 78 79 80 81 82 83 84 85 86 87 88 89 90 91 92 93 95 96 97 98 99 100 101 102 103 104 105 106 107 108 109 110 111 112 113 114 115 116 117 118 119 120 122 123 124 125 126 127 128 129 130 131 132 133 134 135 136 138 139 140 141 142 143 144 145 146 147 148 149 150 151 152 153 154 155 156 157 158 159 160 162 164 165 166 167 168 169 170 171 172 173 174 175 176 177 178 179 180 181 182 183 184 185 186 187 188 189 190 191 192 194 195 196 197 198 200 201 202 203 204 205 206 208 209 210 211 214 216 217 218 219 220 221 222 223 224 225 226 227 228 229 230 231 232 233 235 236 237 238 239 240 242 243 244 245 246 247 248 249 250 251 252 253 254 255 256 257 258 259 260 261 262 263 264 265 
14 52 76 137 161 163 193 199 207 213 215 234 241 
94 121 212 
1 2 3 4 5 6 7 8 9 10 11 12 13 15 16 17 18 19 20 21 22 23 24 25 26 27 28 29 30 31 32 33 34 35 36 37 38 39 40 41 42 43 44 45 46 47 48 49 50 51 53 54 55 56 57 58 59 60 61 62 63 64 65 66 67 68 69 70 71 72 73 74 75 77 78 79 80 81 82 83 84 85 86 87 88 89 90 91 92 93 95 96 97 98 99 100 101 102 103 104 105 106 107 108 109 110 111 112 113 114 115 116 117 118 119 120 122 123 124 125 126 127 128 129 130 131 132 133 134 135 136 138 139 140 141 142 143 144 145 146 147 148 149 150 151 152 153 154 155 156 157 158 159 160 162 164 165 166 167 168 169 170 171 172 173 174 175 176 177 178 179 180 181 182 183 184 185 186 187 188 189 190 191 192 194 195 196 197 198 200 201 202 203 204 205 206 208 209 210 211 214 216 217 218 219 220 221 222 223 224 225 226 227 228 229 230 231 232 233 235 236 237 238 239 240 242 243 244 245 246 247 248 249 250 251 252 253 254 255 256 257 258 259 260 261 262 263 264 265 
14 52 76 137 161 163 193 199 207 213 215 234 241 
94 121 212 
1 2 3 4 5 6 7 8 9 10 11 12 13 15 16 17 18 19 20 21 22 23 24 25 26 27 28 29 30 31 32 33 34 35 36 37 38 39 40 41 42 43 44 45 46 47 48 49 50 51 53 54 55 56 57 58 59 60 61 62 63 64 65 66 67 68 69 70 71 72 73 74 75 77 78 79 80 81 82 83 84 85 86 87 88 89 90 91 92 93 95 96 97 98 99 100 101 102 103 104 105 106 107 108 109 110 111 112 113 114 115 116 117 118 119 120 122 123 124 125 126 127 128 129 130 131 132 133 134 135 136 138 139 140 141 142 143 144 145 146 147 148 149 150 151 152 153 154 155 156 157 158 159 160 162 164 165 166 167 168 169 170 171 172 173 174 175 176 177 178 179 180 181 182 183 184 185 186 187 188 189 190 191 192 194 195 196 197 198 200 201 202 203 204 205 206 208 209 210 211 214 216 217 218 219 220 221 222 223 224 225 226 227 228 229 230 231 232 233 235 236 237 238 239 240 242 243 244 245 246 247 248 249 250 251 252 253 254 255 256 257 258 259 260 261 262 263 264 265 
14 52 76 137 161 163 193 199 207 213 215 234 241 
94 121 212 
1 2 3 4 5 6 7 8 9 10 11 12 13 15 16 17 18 19 20 21 22 23 24 25 26 27 28 29 30 31 32 33 34 35 36 37 38 39 40 41 42 43 44 45 46 47 48 49 50 51 53 54 55 56 57 58 59 60 61 62 63 64 65 66 67 68 69 70 71 72 73 74 75 77 78 79 80 81 82 83 84 85 86 87 88 89 90 91 92 93 95 96 97 98 99 100 101 102 103 104 105 106 107 108 109 110 111 112 113 114 115 116 117 118 119 120 122 123 124 125 126 127 128 129 130 131 132 133 134 135 136 138 139 140 141 142 143 144 145 146 147 148 149 150 151 152 153 154 155 156 157 158 159 160 162 164 165 166 167 168 169 170 171 172 173 174 175 176 177 178 179 180 181 182 183 184 185 186 187 188 189 190 191 192 194 195 196 197 198 200 201 202 203 204 205 206 208 209 210 211 214 216 217 218 219 220 221 222 223 224 225 226 227 228 229 230 231 232 233 235 236 237 238 239 240 242 243 244 245 246 247 248 249 250 251 252 253 254 255 256 257 258 259 260 261 262 263 264 265 
14 52 76 137 161 163 193 199 207 213 215 234 241 
94 121 212 
1 2 3 4 5 6 7 8 9 10 11 12 13 15 16 17 18 19 20 21 22 23 24 25 26 27 28 29 30 31 32 33 34 35 36 37 38 39 40 41 42 43 44 45 46 47 48 49 50 51 53 54 55 56 57 58 59 60 61 62 63 64 65 66 67 68 69 70 71 72 73 74 75 77 78 79 80 81 82 83 84 85 86 87 88 89 90 91 92 93 95 96 97 98 99 100 101 102 103 104 105 106 107 108 109 110 111 112 113 114 115 116 117 118 119 120 122 123 124 125 126 127 128 129 130 131 132 133 134 135 136 138 139 140 141 142 143 144 145 146 147 148 149 150 151 152 153 154 155 156 157 158 159 160 162 164 165 166 167 168 169 170 171 172 173 174 175 176 177 178 179 180 181 182 183 184 185 186 187 188 189 190 191 192 194 195 196 197 198 200 201 202 203 204 205 206 208 209 210 211 214 216 217 218 219 220 221 222 223 224 225 226 227 228 229 230 231 232 233 235 236 237 238 239 240 242 243 244 245 246 247 248 249 250 251 252 253 254 255 256 257 258 259 260 261 262 263 264 265 
14 52 76 137 161 163 193 199 207 213 215 234 241 
94 121 212 
1 2 3 4 5 6 7 8 9 10 11 12 13 15 16 17 18 19 20 21 22 23 24 25 26 27 28 29 30 31 32 33 34 35 36 37 38 39 40 41 42 43 44 45 46 47 48 49 50 51 53 54 55 56 57 58 59 60 61 62 63 64 65 66 67 68 69 70 71 72 73 74 75 77 78 79 80 81 82 83 84 85 86 87 88 89 90 91 92 93 95 96 97 98 99 100 101 102 103 104 105 106 107 108 109 110 111 112 113 114 115 116 117 118 119 120 122 123 124 125 126 127 128 129 130 131 132 133 134 135 136 138 139 140 141 142 143 144 145 146 147 148 149 150 151 152 153 154 155 156 157 158 159 160 162 164 165 166 167 168 169 170 171 172 173 174 175 176 177 178 179 180 181 182 183 184 185 186 187 188 189 190 191 192 194 195 196 197 198 200 201 202 203 204 205 206 208 209 210 211 214 216 217 218 219 220 221 222 223 224 225 226 227 228 229 230 231 232 233 235 236 237 238 239 240 242 243 244 245 246 247 248 249 250 251 252 253 254 255 256 257 258 259 260 261 262 263 264 265 
14 52 76 137 161 163 193 199 207 213 215 234 241 
94 121 212 
1 2 3 4 5 6 7 8 9 10 11 12 13 15 16 17 18 19 20 21 22 23 24 25 26 27 28 29 30 31 32 33 34 35 36 37 38 39 40 41 42 43 44 45 46 47 48 49 50 51 53 54 55 56 57 58 59 60 61 62 63 64 65 66 67 68 69 70 71 72 73 74 75 77 78 79 80 81 82 83 84 85 86 87 88 89 90 91 92 93 95 96 97 98 99 100 101 102 103 104 105 106 107 108 109 110 111 112 113 114 115 116 117 118 119 120 122 123 124 125 126 127 128 129 130 131 132 133 134 135 136 138 139 140 141 142 143 144 145 146 147 148 149 150 151 152 153 154 155 156 157 158 159 160 162 164 165 166 167 168 169 170 171 172 173 174 175 176 177 178 179 180 181 182 183 184 185 186 187 188 189 190 191 192 194 195 196 197 198 200 201 202 203 204 205 206 208 209 210 211 214 216 217 218 219 220 221 222 223 224 225 226 227 228 229 230 231 232 233 235 236 237 238 239 240 242 243 244 245 246 247 248 249 250 251 252 253 254 255 256 257 258 259 260 261 262 263 264 265 
14 52 76 137 161 163 193 199 207 213 215 234 241 
94 121 212 
1 2 3 4 5 7 8 9 10 11 12 13 15 16 17 18 19 20 21 22 23 24 25 26 27 28 29 30 31 33 34 35 36 37 38 39 40 41 42 43 44 45 46 47 48 50 51 53 54 55 56 57 58 59 60 61 62 63 65 66 67 69 70 71 72 73 75 77 78 79 80 81 82 83 84 85 86 87 88 89 91 92 93 95 96 97 98 99 100 102 103 104 105 106 107 108 109 111 112 113 115 116 117 118 119 120 122 123 124 125 126 127 128 129 130 131 132 133 134 135 136 138 139 141 142 143 144 145 147 148 149 150 151 152 153 154 155 156 158 160 162 165 166 167 168 170 171 172 173 174 175 176 177 178 179 180 181 182 183 185 186 187 188 189 190 191 192 194 195 196 197 198 200 201 202 204 205 206 208 209 210 211 214 216 217 218 219 220 221 222 223 224 225 226 227 228 229 231 232 233 235 236 238 239 240 242 243 244 245 246 248 249 250 251 252 253 254 255 257 259 260 261 262 263 264 265 
6 32 49 64 68 74 90 101 110 114 140 146 157 159 164 169 184 203 230 237 247 256 258 
14 52 76 137 161 163 193 199 207 213 215 234 241 
94 121 212 
1 2 3 4 5 7 8 9 10 11 12 13 15 16 17 18 19 20 21 22 23 24 25 26 27 28 29 30 31 33 34 35 36 37 38 39 40 41 42 43 44 45 46 47 48 50 51 53 54 55 56 57 58 59 60 61 62 63 65 66 67 69 70 71 72 73 75 77 78 79 80 81 82 83 84 85 86 87 88 89 91 92 93 95 96 97 98 99 100 102 103 104 105 106 107 108 109 111 112 113 115 116 117 118 119 120 122 123 124 125 126 127 128 129 130 131 132 133 134 135 136 138 139 141 142 143 144 145 147 148 149 150 151 152 153 154 155 156 158 160 162 165 166 167 168 170 171 172 173 174 175 176 177 178 179 180 181 182 183 185 186 187 188 189 190 191 192 194 195 196 197 198 200 201 202 204 205 206 208 209 210 211 214 216 217 218 219 220 221 222 223 224 225 226 227 228 229 231 232 233 235 236 238 239 240 242 243 244 245 246 248 249 250 251 252 253 254 255 257 259 260 261 262 263 264 265 
6 32 49 64 68 74 90 101 110 114 140 146 157 159 164 169 184 203 230 237 247 256 258 
14 52 76 137 161 163 193 199 207 213 215 234 241 
94 121 212 
1 2 3 4 5 7 8 9 10 11 12 13 15 16 17 18 19 20 21 22 23 24 25 26 27 28 29 30 31 33 34 35 36 37 38 39 40 41 42 43 44 45 46 47 48 50 51 53 54 55 56 57 58 59 60 61 62 63 65 66 67 69 70 71 72 73 75 77 78 79 80 81 82 83 84 85 86 87 88 89 91 92 93 95 96 97 98 99 100 102 103 104 105 106 107 108 109 111 112 113 115 116 117 118 119 120 122 123 124 125 126 127 128 129 130 131 132 133 134 135 136 138 139 141 142 143 144 145 147 148 149 150 151 152 153 154 155 156 158 160 162 165 166 167 168 170 171 172 173 174 175 176 177 178 179 180 181 182 183 185 186 187 188 189 190 191 192 194 195 196 197 198 200 201 202 204 205 206 208 209 210 211 214 216 217 218 219 220 221 222 223 224 225 226 227 228 229 231 232 233 235 236 238 239 240 242 243 244 245 246 248 249 250 251 252 253 254 255 257 259 260 261 262 263 264 265 
6 32 49 64 68 74 90 101 110 114 140 146 157 159 164 169 184 203 230 237 247 256 258 
14 52 76 137 161 163 193 199 207 213 215 234 241 
94 121 212 
1 2 3 4 5 7 8 9 10 11 12 13 15 16 17 18 19 20 21 22 23 24 25 26 27 28 29 30 31 33 34 35 36 37 38 39 40 41 42 43 44 45 46 47 48 50 51 53 54 55 56 57 58 59 60 61 62 63 65 66 67 69 70 71 72 73 75 77 78 79 80 81 82 83 84 85 86 87 88 89 91 92 93 95 96 97 98 99 100 102 103 104 105 106 107 108 109 111 112 113 115 116 117 118 119 120 122 123 124 125 126 127 128 129 130 131 132 133 134 135 136 138 139 141 142 143 144 145 147 148 149 150 151 152 153 154 155 156 158 160 162 165 166 167 168 170 171 172 173 174 175 176 177 178 179 180 181 182 183 185 186 187 188 189 190 191 192 194 195 196 197 198 200 201 202 204 205 206 208 209 210 211 214 216 217 218 219 220 221 222 223 224 225 226 227 228 229 231 232 233 235 236 238 239 240 242 243 244 245 246 248 249 250 251 252 253 254 255 257 259 260 261 262 263 264 265 
6 32 49 64 68 74 90 101 110 114 140 146 157 159 164 169 184 203 230 237 247 256 258 
14 52 76 137 161 163 193 199 207 213 215 234 241 
94 121 212 
1 2 3 4 5 7 8 9 10 11 12 13 15 16 17 18 19 20 21 22 23 24 25 26 27 28 29 30 31 33 34 35 36 37 38 39 40 41 42 43 44 45 46 47 48 50 51 53 54 55 56 57 58 59 60 61 62 63 65 66 67 69 70 71 72 73 75 77 78 79 80 81 82 83 84 85 86 87 88 89 91 92 93 95 96 97 98 99 100 102 103 104 105 106 107 108 109 111 112 113 115 116 117 118 119 120 122 123 124 125 126 127 128 129 130 131 132 133 134 135 136 138 139 141 142 143 144 145 147 148 149 150 151 152 153 154 155 156 158 160 162 165 166 167 168 170 171 172 173 174 175 176 177 178 179 180 181 182 183 185 186 187 188 189 190 191 192 194 195 196 197 198 200 201 202 204 205 206 208 209 210 211 214 216 217 218 219 220 221 222 223 224 225 226 227 228 229 231 232 233 235 236 238 239 240 242 243 244 245 246 248 249 250 251 252 253 254 255 257 259 260 261 262 263 264 265 
6 32 49 64 68 74 90 101 110 114 140 146 157 159 164 169 184 203 230 237 247 256 258 
14 52 76 137 161 163 193 199 207 213 215 234 241 
94 121 212 
1 2 3 4 5 7 8 9 10 11 12 13 15 16 17 18 19 20 21 22 23 24 25 26 27 28 29 30 31 33 34 35 36 37 38 39 40 41 42 43 44 45 46 47 48 50 51 53 54 55 56 57 58 59 60 61 62 63 65 66 67 69 70 71 72 73 75 77 78 79 80 81 82 83 84 85 86 87 88 89 91 92 93 95 96 97 98 99 100 102 103 104 105 106 107 108 109 111 112 113 115 116 117 118 119 120 122 123 124 125 126 127 128 129 130 131 132 133 134 135 136 138 139 141 142 143 144 145 147 148 149 150 151 152 153 154 155 156 158 160 162 165 166 167 168 170 171 172 173 174 175 176 177 178 179 180 181 182 183 185 186 187 188 189 190 191 192 194 195 196 197 198 200 201 202 204 205 206 208 209 210 211 214 216 217 218 219 220 221 222 223 224 225 226 227 228 229 231 232 233 235 236 238 239 240 242 243 244 245 246 248 249 250 251 252 253 254 255 257 259 260 261 262 263 264 265 
6 32 49 64 68 74 90 101 110 114 140 146 157 159 164 169 184 203 230 237 247 256 258 
14 52 76 137 161 163 193 199 207 213 215 234 241 
94 121 212 
1 2 3 4 5 7 8 9 10 11 12 13 15 16 17 18 19 20 21 22 23 24 25 26 27 28 29 30 31 33 34 35 36 37 38 39 40 41 42 43 44 45 46 47 48 50 51 53 54 55 56 57 58 59 60 61 62 63 65 66 67 69 70 71 72 73 75 77 78 79 80 81 82 83 84 85 86 87 88 89 91 92 93 95 96 97 98 99 100 102 103 104 105 106 107 108 109 111 112 113 115 116 117 118 119 120 122 123 124 125 126 127 128 129 130 131 132 133 134 135 136 138 139 141 142 143 144 145 147 148 149 150 151 152 153 154 155 156 158 160 162 165 166 167 168 170 171 172 173 174 175 176 177 178 179 180 181 182 183 185 186 187 188 189 190 191 192 194 195 196 197 198 200 201 202 204 205 206 208 209 210 211 214 216 217 218 219 220 221 222 223 224 225 226 227 228 229 231 232 233 235 236 238 239 240 242 243 244 245 246 248 249 250 251 252 253 254 255 257 259 260 261 262 263 264 265 
6 32 49 64 68 74 90 101 110 114 140 146 157 159 164 169 184 203 230 237 247 256 258 
14 52 76 137 161 163 193 199 207 213 215 234 241 
94 121 212 
1 2 3 4 5 7 8 9 10 11 12 13 15 16 17 18 19 20 21 22 23 24 25 26 27 28 29 30 31 33 34 35 36 37 38 39 40 41 42 43 44 45 46 47 48 50 51 53 54 55 56 57 58 59 60 61 62 63 65 66 67 69 70 71 72 73 75 77 78 79 80 81 82 83 84 85 86 87 88 89 91 92 93 95 96 97 98 99 100 102 103 104 105 106 107 108 109 111 112 113 115 116 117 118 119 120 122 123 124 125 126 127 128 129 130 131 132 133 134 135 136 138 139 141 142 143 144 145 147 148 149 150 151 152 153 154 155 156 158 160 162 165 166 167 168 170 171 172 173 174 175 176 177 178 179 180 181 182 183 185 186 187 188 189 190 191 192 194 195 196 197 198 200 201 202 204 205 206 208 209 210 211 214 216 217 218 219 220 221 222 223 224 225 226 227 228 229 231 232 233 235 236 238 239 240 242 243 244 245 246 248 249 250 251 252 253 254 255 257 259 260 261 262 263 264 265 
6 32 49 64 68 74 90 101 110 114 140 146 157 159 164 169 184 203 230 237 247 256 258 
14 52 76 137 161 163 193 199 207 213 215 234 241 
94 121 212 
1 2 3 4 5 7 8 9 10 11 12 13 15 16 17 18 19 20 21 22 23 24 25 26 27 28 29 30 31 33 34 35 36 37 38 39 40 41 42 43 44 45 46 47 48 50 51 53 54 55 56 57 58 59 60 61 62 63 65 66 67 69 70 71 72 73 75 77 78 79 80 81 82 83 84 85 86 87 88 89 91 92 93 95 96 97 98 99 100 102 103 104 105 106 107 108 109 111 112 113 115 116 117 118 119 120 122 123 124 125 126 127 128 129 130 131 132 133 134 135 136 138 139 141 142 143 144 145 147 148 149 150 151 152 153 154 155 156 158 160 162 165 166 167 168 170 171 172 173 174 175 176 177 178 179 180 181 182 183 185 186 187 188 189 190 191 192 194 195 196 197 198 200 201 202 204 205 206 208 209 210 211 214 216 217 218 219 220 221 222 223 224 225 226 227 228 229 231 232 233 235 236 238 239 240 242 243 244 245 246 248 249 250 251 252 253 254 255 257 259 260 261 262 263 264 265 
6 32 49 64 68 74 90 101 110 114 140 146 157 159 164 169 184 203 230 237 247 256 258 
14 52 76 137 161 163 193 199 207 213 215 234 241 
94 121 212 
1 2 3 4 5 7 8 9 10 11 12 13 15 16 17 19 20 21 22 23 24 25 26 27 28 29 30 33 35 37 38 39 41 42 43 44 45 46 47 50 53 54 55 56 57 58 59 60 62 65 67 69 70 71 73 75 77 79 81 82 83 84 85 87 88 89 91 92 95 96 97 98 99 103 104 105 106 107 108 112 113 115 116 117 118 120 122 123 124 125 126 128 129 130 131 132 133 134 135 136 138 139 141 142 145 147 148 149 150 152 153 154 155 156 165 166 167 170 171 172 173 174 175 176 177 178 179 180 181 182 183 185 186 187 188 189 190 191 192 194 195 196 197 200 202 204 206 209 214 216 217 218 219 221 222 223 224 225 227 228 229 231 232 233 235 236 238 239 240 242 244 245 246 249 250 251 252 253 254 255 259 260 262 264 265 
6 32 49 64 68 74 90 101 110 114 140 146 157 159 164 169 184 203 230 237 247 256 258 
14 52 76 137 161 163 193 199 207 213 215 234 241 
18 31 34 36 40 48 51 61 63 66 72 78 80 86 93 100 102 109 111 119 127 143 144 151 158 160 162 168 198 201 205 208 210 211 220 226 243 248 257 261 263 
94 121 212 
1 2 3 4 5 7 8 9 10 11 12 13 15 16 17 19 20 21 22 23 24 25 26 27 28 29 30 33 35 37 38 39 41 42 43 44 45 46 47 50 53 54 55 56 57 58 59 60 62 65 67 69 70 71 73 75 77 79 81 82 83 84 85 87 88 89 91 92 95 96 97 98 99 103 104 105 106 107 108 112 113 115 116 117 118 120 122 123 124 125 126 128 129 130 131 132 133 134 135 136 138 139 141 142 145 147 148 149 150 152 153 154 155 156 165 166 167 170 171 172 173 174 175 176 177 178 179 180 181 182 183 185 186 187 188 189 190 191 192 194 195 196 197 200 202 204 206 209 214 216 217 218 219 221 222 223 224 225 227 228 229 231 232 233 235 236 238 239 240 242 244 245 246 249 250 251 252 253 254 255 259 260 262 264 265 
6 32 49 64 68 74 90 101 110 114 140 146 157 159 164 169 184 203 230 237 247 256 258 
14 52 76 137 161 163 193 199 207 213 215 234 241 
18 31 34 36 40 48 51 61 63 66 72 78 80 86 93 100 102 109 111 119 127 143 144 151 158 160 162 168 198 201 205 208 210 211 220 226 243 248 257 261 263 
94 121 212 
1 2 3 4 5 7 8 9 10 11 12 13 15 16 17 19 20 21 22 23 24 25 26 27 28 29 30 33 35 37 38 39 41 42 43 44 45 46 47 50 53 54 55 56 57 58 59 60 62 65 67 69 70 71 73 75 77 79 81 82 83 84 85 87 88 89 91 92 95 96 97 98 99 103 104 105 106 107 108 112 113 115 116 117 118 120 122 123 124 125 126 128 129 130 131 132 133 134 135 136 138 139 141 142 145 147 148 149 150 152 153 154 155 156 165 166 167 170 171 172 173 174 175 176 177 178 179 180 181 182 183 185 186 187 188 189 190 191 192 194 195 196 197 200 202 204 206 209 214 216 217 218 219 221 222 223 224 225 227 228 229 231 232 233 235 236 238 239 240 242 244 245 246 249 250 251 252 253 254 255 259 260 262 264 265 
6 32 49 64 68 74 90 101 110 114 140 146 157 159 164 169 184 203 230 237 247 256 258 
14 52 76 137 161 163 193 199 207 213 215 234 241 
18 31 34 36 40 48 51 61 63 66 72 78 80 86 93 100 102 109 111 119 127 143 144 151 158 160 162 168 198 201 205 208 210 211 220 226 243 248 257 261 263 
94 121 212 
1 2 3 4 5 7 8 9 10 11 12 13 15 16 17 19 20 21 22 23 24 25 26 27 28 29 30 33 35 37 38 39 41 42 43 44 45 46 47 50 53 54 55 56 57 58 59 60 62 65 67 69 70 71 73 75 77 79 81 82 83 84 85 87 88 89 91 92 95 96 97 98 99 103 104 105 106 107 108 109 112 113 115 116 117 118 120 122 123 124 125 126 128 129 130 131 132 133 134 135 136 138 139 141 142 145 147 148 149 150 152 153 154 155 156 165 166 167 170 171 172 173 174 175 176 177 178 179 180 181 182 183 185 186 187 188 189 190 191 192 194 195 196 197 200 202 204 206 209 214 216 217 218 219 221 222 223 224 225 227 228 229 231 232 233 235 236 238 239 240 242 244 245 246 249 250 251 252 253 254 255 259 260 262 264 265 
6 32 49 64 68 74 90 101 110 114 140 146 157 159 164 169 184 203 230 237 247 256 258 
14 52 76 137 161 163 193 199 207 213 215 234 241 
18 31 34 36 40 48 51 61 63 66 72 78 80 86 93 100 102 111 119 127 143 144 151 158 160 162 168 198 201 205 208 210 211 220 226 243 248 257 261 263 
94 121 212 
1 2 3 4 5 7 8 9 10 11 12 13 15 16 17 19 20 21 22 23 24 25 26 27 28 29 30 33 35 37 38 39 41 42 43 44 45 46 47 50 53 54 55 56 57 58 59 60 62 65 67 69 70 71 73 75 77 79 81 82 83 84 85 87 88 89 91 92 95 96 97 98 99 103 104 105 106 107 108 109 112 113 115 116 117 118 120 122 123 124 125 126 128 129 130 131 132 133 134 135 136 138 139 141 142 145 147 148 149 150 152 153 154 155 156 165 166 167 170 171 172 173 174 175 176 177 178 179 180 181 182 183 185 186 187 188 189 190 191 192 194 195 196 197 200 202 204 206 209 214 216 217 218 219 221 222 223 224 225 227 228 229 231 232 233 235 236 238 239 240 242 244 245 246 249 250 251 252 253 254 255 259 260 262 264 265 
6 32 49 64 68 74 90 101 110 114 140 146 157 159 164 169 184 203 230 237 247 256 258 
14 52 76 137 161 163 193 199 207 213 215 234 241 
18 31 34 36 40 48 51 61 63 66 72 78 80 86 93 100 102 111 119 127 143 144 151 158 160 162 168 198 201 205 208 210 211 220 226 243 248 257 261 263 
94 121 212 
1 2 3 4 5 7 8 9 10 11 12 13 15 16 17 19 20 21 22 23 24 25 26 27 28 29 30 33 35 37 38 39 41 42 43 44 45 46 47 50 53 54 55 56 57 58 59 60 62 65 67 69 70 71 73 75 77 79 81 82 83 84 85 87 88 89 91 92 95 96 97 98 99 103 104 105 106 107 108 109 112 113 115 116 117 118 120 122 123 124 125 126 128 129 130 131 132 133 134 135 136 138 139 141 142 145 147 148 149 150 152 153 154 155 156 165 166 167 170 171 172 173 174 175 176 177 178 179 180 181 182 183 185 186 187 188 189 190 191 192 194 195 196 197 200 202 204 206 209 214 216 217 218 219 221 222 223 224 225 227 228 229 231 232 233 235 236 238 239 240 242 244 245 246 249 250 251 252 253 254 255 259 260 262 264 265 
6 32 49 64 68 74 90 101 110 114 140 146 157 159 164 169 184 203 230 237 247 256 258 
14 52 76 137 161 163 193 199 207 213 215 234 241 
18 31 34 36 40 48 51 61 63 66 72 78 80 86 93 100 102 111 119 127 143 144 151 158 160 162 168 198 201 205 208 210 211 220 226 243 248 257 261 263 
94 121 212 
1 2 3 4 5 7 8 9 10 11 12 13 15 16 17 19 20 21 22 23 24 25 26 27 28 29 30 33 35 37 38 39 41 42 43 44 45 46 47 50 53 54 55 56 57 58 59 60 62 65 67 69 70 71 73 75 77 79 81 82 83 84 85 87 88 89 91 92 95 96 97 98 99 103 104 105 106 107 108 109 112 113 115 116 117 118 120 122 123 124 125 126 128 129 130 131 132 133 134 135 136 138 139 141 142 145 147 148 149 150 152 153 154 155 156 165 166 167 170 171 172 173 174 175 176 177 178 179 180 181 182 183 185 186 187 188 189 190 191 192 194 195 196 197 200 202 204 206 209 214 216 217 218 219 221 222 223 224 225 227 228 229 231 232 233 235 236 238 239 240 242 244 245 246 249 250 251 252 253 254 255 259 260 262 264 265 
6 32 49 64 68 74 90 101 110 114 140 146 157 159 164 169 184 203 230 237 247 256 258 
14 52 76 137 161 163 193 199 207 213 215 234 241 
18 31 34 36 40 48 51 61 63 66 72 78 80 86 93 100 102 111 119 127 143 144 151 158 160 162 168 198 201 205 208 210 211 220 226 243 248 257 261 263 
94 121 212 
1 2 3 4 5 7 8 9 10 11 12 13 15 16 17 19 20 21 22 23 24 25 26 27 28 29 30 33 35 37 38 39 41 42 43 44 45 46 47 50 53 54 55 56 57 58 59 60 62 65 67 69 70 71 73 75 77 79 81 82 83 84 85 87 88 89 91 92 95 96 97 98 99 103 104 105 106 107 108 109 112 113 115 116 117 118 120 122 123 124 125 126 128 129 130 131 132 133 134 135 136 138 139 141 142 145 147 148 149 150 152 153 154 155 156 165 166 167 170 171 172 173 174 175 176 177 178 179 180 181 182 183 185 186 187 188 189 190 191 192 194 195 196 197 200 202 204 206 209 214 216 217 218 219 221 222 223 224 225 227 228 229 231 232 233 235 236 238 239 240 242 244 245 246 249 250 251 252 253 254 255 259 260 262 264 265 
6 32 49 64 68 74 90 101 110 114 140 146 157 159 164 169 184 203 230 237 247 256 258 
14 52 76 137 161 163 193 199 207 213 215 234 241 
18 31 34 36 40 48 51 61 63 66 72 78 80 86 93 100 102 111 119 127 143 144 151 158 160 162 168 198 201 205 208 210 211 220 226 243 248 257 261 263 
94 121 212 
